0000040000000000
0000000000000000
0000070000000000
0000000000000000
0000100000000000
0000000000000000
00000c0000000000
0000000000000000
0000110000000000
0000000000000000
00002b0000000000
0000000000000000
0000130000000000
0000000000000000
0000040000000000
0000000000000000
0000160000000000
0000000000000000
0000160000000000
0000000000000000
00002a0000000000
0000000000000000
00002a0000000000
0000000000000000
0000160000000000
0000000000000000
0000160000000000
0000000000000000
00001a0000000000
0000000000000000
0000120000000000
0000000000000000
0000150000000000
0000000000000000
0000070000000000
0000000000000000
0000280000000000
0000000000000000
00000c0000000000
0000000000000000
0000060000000000
0000000000000000
0000160000000000
0000000000000000
0000060000000000
0000000000000000
0000040000000000
0000000000000000
0000070000000000
0000000000000000
0000100000000000
0000000000000000
00000c0000000000
0000000000000000
0000110000000000
0000000000000000
00002b0000000000
0000000000000000
0000270000000000
0000000000000000
0000110000000000
0000000000000000
0000060000000000
0000000000000000
0000200000000000
0000000000000000
00004a0000000000
0000000000000000
00004c0000000000
0000000000000000
0200000000000000
0200120000000000
0200000000000000
0000000000000000
00004d0000000000
0000000000000000
4000000000000000
40001f0000000000
4000000000000000
0000000000000000
00000a0000000000
0000000000000000
4000000000000000
40001f0000000000
4000000000000000
0000000000000000
00000c0000000000
0000000000000000
0000110000000000
0000000000000000
0000500000000000
0000000000000000
00002a0000000000
0000000000000000
00001e0000000000
0000000000000000
00004f0000000000
0000000000000000
0200000000000000
02001a0000000000
0200000000000000
0000000000000000
0000200000000000
0000000000000000
0000110000000000
0000000000000000
0000080000000000
0000000000000000
0000080000000000
0000000000000000
0000070000000000
0000000000000000
0000500000000000
0000000000000000
00002a0000000000
0000000000000000
00002a0000000000
0000000000000000
0000200000000000
0000000000000000
0000200000000000
0000000000000000
00004d0000000000
0000000000000000
4000000000000000
40001f0000000000
4000000000000000
0000000000000000
0000130000000000
0000000000000000
0200000000000000
0000000000000000
4000000000000000
40001f0000000000
4000000000000000
0000000000000000
0000500000000000
0000000000000000
00002a0000000000
0000000000000000
0200000000000000
0200130000000000
0200000000000000
0000000000000000
00004f0000000000
0000000000000000
0000160000000000
0000000000000000
0000160000000000
0000000000000000
00001a0000000000
0000000000000000
0000120000000000
0000000000000000
00002a0000000000
0000000000000000
0000270000000000
0000000000000000
4000000000000000
4000210000000000
4000000000000000
0000000000000000
0000070000000000
0000000000000000
2000000000000000
20001e0000000000
2000000000000000
0000000000000000
00002a0000000000
0000000000000000
0200000000000000
02002d0000000000
0200000000000000
0000000000000000
00002a0000000000
0000000000000000
