00001a0000000000
0000000000000000
0000280000000000
0000000000000000
00000e0000000000
0000000000000000
0000280000000000
0000000000000000
0000090000000000
0000000000000000
0000280000000000
0000000000000000
0000050000000000
0000000000000000
0000280000000000
0000000000000000
0000200000000000
0000000000000000
0000340000000000
0000000000000000
0000520000000000
0000000000000000
00002f0000000000
0000000000000000
0000520000000000
0000000000000000
00000f0000000000
0000000000000000
0000520000000000
0000000000000000
0200000000000000
0200200000000000
0200000000000000
0000000000000000
0000520000000000
0000000000000000
0200000000000000
02002f0000000000
0200000000000000
0000000000000000
00001a0000000000
0000000000000000
0200000000000000
0200210000000000
0200000000000000
0000000000000000
0000510000000000
0000000000000000
0200000000000000
0200370000000000
0200000000000000
0000000000000000
0000050000000000
0000000000000000
0000510000000000
0000000000000000
0000040000000000
0000000000000000
00000a0000000000
0000000000000000
0000510000000000
0000000000000000
00002f0000000000
0000000000000000
0000080000000000
0000000000000000
0000510000000000
0000000000000000
0000060000000000
0000000000000000
00000c0000000000
0000000000000000
0000370000000000
0000000000000000
00002f0000000000
0000000000000000
0000520000000000
0000000000000000
00002f0000000000
0000000000000000
0000090000000000
0000000000000000
0000520000000000
0000000000000000
0200000000000000
02002f0000000000
0200000000000000
0000000000000000
00000e0000000000
0000000000000000
0000520000000000
0000000000000000
0000110000000000
0000000000000000
0200000000000000
0200210000000000
0200000000000000
0000000000000000
0000520000000000
0000000000000000
00000d0000000000
0000000000000000
0000180000000000
0000000000000000
0200000000000000
0200300000000000
0200000000000000
0000000000000000
0000510000000000
0000000000000000
0200000000000000
0200330000000000
0200000000000000
0000000000000000
0000510000000000
0000000000000000
0000200000000000
0000000000000000
0000510000000000
0000000000000000
0000180000000000
0000000000000000
0000510000000000
0000000000000000
0200000000000000
0200220000000000
0200000000000000
0000000000000000
00002e0000000000
0000000000000000
0000520000000000
0000000000000000
0200000000000000
0200320000000000
0200000000000000
0000000000000000
0000520000000000
0000000000000000
00001c0000000000
0000000000000000
0000520000000000
0000000000000000
0000230000000000
0000000000000000
0000520000000000
0000000000000000
0000360000000000
0000000000000000
0000340000000000
0000000000000000
0000510000000000
0000000000000000
0000130000000000
0000000000000000
0000510000000000
0000000000000000
0000050000000000
0000000000000000
0000510000000000
0000000000000000
0000240000000000
0000000000000000
0000510000000000
0000000000000000
0200000000000000
0200220000000000
0200000000000000
0000000000000000
0200000000000000
0200240000000000
0200000000000000
0000000000000000
0000520000000000
0000000000000000
0000070000000000
0000000000000000
0000520000000000
0000000000000000
0000270000000000
0000000000000000
0000520000000000
0000000000000000
00000d0000000000
0000000000000000
0000520000000000
0000000000000000
0000130000000000
0000000000000000
0000170000000000
0000000000000000
0000510000000000
0000000000000000
00000c0000000000
0000000000000000
0000510000000000
0000000000000000
0000040000000000
0000000000000000
0000510000000000
0000000000000000
00002f0000000000
0000000000000000
0000510000000000
0000000000000000
00000e0000000000
0000000000000000
0200000000000000
0200260000000000
0200000000000000
0000000000000000
0000520000000000
0000000000000000
00002e0000000000
0000000000000000
0000520000000000
0000000000000000
0000150000000000
0000000000000000
0000520000000000
0000000000000000
0000100000000000
0000000000000000
0000520000000000
0000000000000000
0000300000000000
0000000000000000
00002e0000000000
0000000000000000
0000510000000000
0000000000000000
0000270000000000
0000000000000000
0000510000000000
0000000000000000
0000070000000000
0000000000000000
0000510000000000
0000000000000000
0200000000000000
0200370000000000
0200000000000000
0000000000000000
0000510000000000
0000000000000000
00000f0000000000
0000000000000000
0000060000000000
0000000000000000
0000520000000000
0000000000000000
0200000000000000
0200250000000000
0200000000000000
0000000000000000
0000520000000000
0000000000000000
0200000000000000
02002d0000000000
0200000000000000
0000000000000000
0000520000000000
0000000000000000
0200000000000000
02002f0000000000
0200000000000000
0000000000000000
0000520000000000
0000000000000000
00000d0000000000
0000000000000000
0200000000000000
0200220000000000
0200000000000000
0000000000000000
0000510000000000
0000000000000000
0000180000000000
0000000000000000
0000510000000000
0000000000000000
0000160000000000
0000000000000000
0000510000000000
0000000000000000
0200000000000000
0200260000000000
0200000000000000
0000000000000000
0000510000000000
0000000000000000
0200000000000000
0200250000000000
0200000000000000
0000000000000000
00001f0000000000
0000000000000000
0000520000000000
0000000000000000
0000270000000000
0000000000000000
0000520000000000
0000000000000000
0000110000000000
0000000000000000
0000520000000000
0000000000000000
0000340000000000
0000000000000000
0000520000000000
0000000000000000
0000330000000000
0000000000000000
0000260000000000
0000000000000000
0000510000000000
0000000000000000
00000b0000000000
0000000000000000
0000510000000000
0000000000000000
0000210000000000
0000000000000000
0000510000000000
0000000000000000
0000300000000000
0000000000000000
0000510000000000
0000000000000000
00001c0000000000
0000000000000000
0000210000000000
0000000000000000
0000520000000000
0000000000000000
0000340000000000
0000000000000000
0000520000000000
0000000000000000
00000e0000000000
0000000000000000
0000520000000000
0000000000000000
0000330000000000
0000000000000000
0000520000000000
0000000000000000
0200000000000000
02002e0000000000
0200000000000000
0000000000000000
0000130000000000
0000000000000000
0000510000000000
0000000000000000
0000090000000000
0000000000000000
0000510000000000
0000000000000000
0000080000000000
0000000000000000
0000510000000000
0000000000000000
0200000000000000
0200210000000000
0200000000000000
0000000000000000
0000510000000000
0000000000000000
0200000000000000
02001e0000000000
0200000000000000
0000000000000000
0200000000000000
0200300000000000
0200000000000000
0000000000000000
0000520000000000
0000000000000000
00001e0000000000
0000000000000000
0000520000000000
0000000000000000
0200000000000000
02002d0000000000
0200000000000000
0000000000000000
0000520000000000
0000000000000000
00000e0000000000
0000000000000000
0000520000000000
0000000000000000
0000160000000000
0000000000000000
0200000000000000
0200240000000000
0200000000000000
0000000000000000
0000510000000000
0000000000000000
0000160000000000
0000000000000000
0000510000000000
0000000000000000
00001f0000000000
0000000000000000
0000510000000000
0000000000000000
0000060000000000
0000000000000000
0000510000000000
0000000000000000
0200000000000000
0200220000000000
0200000000000000
0000000000000000
0000140000000000
0000000000000000
0000520000000000
0000000000000000
0200000000000000
0200210000000000
0200000000000000
0000000000000000
0000520000000000
0000000000000000
0000370000000000
0000000000000000
0000520000000000
0000000000000000
0200000000000000
02001e0000000000
0200000000000000
0000000000000000
0000520000000000
0000000000000000
0200000000000000
0200200000000000
0200000000000000
0000000000000000
0000360000000000
0000000000000000
0000510000000000
0000000000000000
0000160000000000
0000000000000000
0000510000000000
0000000000000000
0000270000000000
0000000000000000
0000510000000000
0000000000000000
0000060000000000
0000000000000000
0000510000000000
0000000000000000
00001d0000000000
0000000000000000
0000200000000000
0000000000000000
0000520000000000
0000000000000000
0000080000000000
0000000000000000
0000520000000000
0000000000000000
0200000000000000
0200300000000000
0200000000000000
0000000000000000
0000520000000000
0000000000000000
00002d0000000000
0000000000000000
0000520000000000
0000000000000000
00000c0000000000
0000000000000000
