0000160000000000
0000000000000000
0000130000000000
0000000000000000
0000040000000000
0000000000000000
0000080000000000
0000000000000000
00000c0000000000
0000000000000000
0000120000000000
0000000000000000
0000100000000000
0000000000000000
0200000000000000
02001c0000000000
0200000000000000
0000000000000000
0000100000000000
0000000000000000
00000a0000000000
0000000000000000
0000500000000000
0000000000000000
0000500000000000
0000000000000000
0000500000000000
0000000000000000
0000500000000000
0000000000000000
0000500000000000
0000000000000000
0000060000000000
0000000000000000
0000500000000000
0000000000000000
0000370000000000
0000000000000000
00004f0000000000
0000000000000000
00004f0000000000
0000000000000000
00004f0000000000
0000000000000000
0000380000000000
0000000000000000
0000220000000000
0000000000000000
00004f0000000000
0000000000000000
00004f0000000000
0000000000000000
0000500000000000
0000000000000000
0000210000000000
0000000000000000
0200000000000000
0200050000000000
0200000000000000
0000000000000000
00004f0000000000
0000000000000000
00004f0000000000
0000000000000000
0000100000000000
0000000000000000
0000500000000000
0000000000000000
0000500000000000
0000000000000000
0200000000000000
0000000000000000
0000500000000000
0000000000000000
0000500000000000
0000000000000000
0000500000000000
0000000000000000
0000500000000000
0000000000000000
0000500000000000
0000000000000000
0000500000000000
0000000000000000
0000500000000000
0000000000000000
0000500000000000
0000000000000000
0000500000000000
0000000000000000
0000500000000000
0000000000000000
0000110000000000
0000000000000000
0000500000000000
0000000000000000
0000500000000000
0000000000000000
0000500000000000
0000000000000000
0000170000000000
0000000000000000
00004f0000000000
0000000000000000
0000050000000000
0000000000000000
0000500000000000
0000000000000000
0000500000000000
0000000000000000
0000500000000000
0000000000000000
0000500000000000
0000000000000000
0000500000000000
0000000000000000
0000500000000000
0000000000000000
00000b0000000000
0000000000000000
0000170000000000
0000000000000000
0000170000000000
0000000000000000
00004f0000000000
0000000000000000
00004f0000000000
0000000000000000
00004f0000000000
0000000000000000
00004f0000000000
0000000000000000
00004f0000000000
0000000000000000
00004f0000000000
0000000000000000
00004f0000000000
0000000000000000
00004f0000000000
0000000000000000
00004f0000000000
0000000000000000
00004f0000000000
0000000000000000
00004f0000000000
0000000000000000
00004f0000000000
0000000000000000
00004f0000000000
0000000000000000
00004f0000000000
0000000000000000
00004f0000000000
0000000000000000
00004f0000000000
0000000000000000
00004f0000000000
0000000000000000
00004f0000000000
0000000000000000
0200000000000000
0200040000000000
0200000000000000
0000000000000000
0000500000000000
0000000000000000
0000500000000000
0000000000000000
0000500000000000
0000000000000000
0000500000000000
0000000000000000
0000500000000000
0000000000000000
0000500000000000
0000000000000000
0000500000000000
0000000000000000
0000500000000000
0000000000000000
0000500000000000
0000000000000000
0000500000000000
0000000000000000
0000500000000000
0000000000000000
0000500000000000
0000000000000000
0000500000000000
0000000000000000
0000500000000000
0000000000000000
0000500000000000
0000000000000000
0000500000000000
0000000000000000
0000160000000000
0000000000000000
0000500000000000
0000000000000000
0000500000000000
0000000000000000
0000500000000000
0000000000000000
0000500000000000
0000000000000000
0000130000000000
0000000000000000
00004f0000000000
0000000000000000
0000380000000000
0000000000000000
00004f0000000000
0000000000000000
00004f0000000000
0000000000000000
0000500000000000
0000000000000000
0000500000000000
0000000000000000
0000500000000000
0000000000000000
0200000000000000
0200330000000000
0200000000000000
0000000000000000
0000380000000000
0000000000000000
0000280000000000
0000000000000000
0200000000000000
0200180000000000
0200000000000000
0000000000000000
0000110000000000
0000000000000000
0000100000000000
0000000000000000
0000500000000000
0000000000000000
0000500000000000
0000000000000000
0000500000000000
0000000000000000
0000070000000000
0000000000000000
0000500000000000
0000000000000000
00000a0000000000
0000000000000000
00004f0000000000
0000000000000000
00001c0000000000
0000000000000000
0000500000000000
0000000000000000
0000500000000000
0000000000000000
0000500000000000
0000000000000000
0200000000000000
0200170000000000
0200000000000000
0000000000000000
0000090000000000
0000000000000000
0200000000000000
0200130000000000
0200000000000000
0000000000000000
0000500000000000
0000000000000000
0000500000000000
0000000000000000
0000500000000000
0000000000000000
0000140000000000
0000000000000000
0000280000000000
0000000000000000
