

0000240000000000
0000000000000000
0000190000000000
0000000000000000
00000a0000000000
0000000000000000
00000d0000000000
0000000000000000
0000210000000000
0000000000000000
0200000000000000
0200160000000000
0200000000000000
0200160000000000
0200000000000000
0000000000000000
2000000000000000
20000f0000000000
0000000000000000
0000260000000000
0000000000000000
2000000000000000
2000110000000000
2000000000000000
0000000000000000
2000000000000000
20000b0000000000
2000000000000000
0000000000000000
2000000000000000
2000190000000000
2000000000000000
0000000000000000
0000180000000000
0000000000000000
0200000000000000
02000e0000000000
0200000000000000
0000000000000000
0000270000000000
0000000000000000
0200000000000000
0200070000000000
0200000000000000
0000000000000000
0000230000000000
0000000000000000
0000070000000000
0000000000000000
0000200000000000
0000000000000000
0200000000000000
0200090000000000
0200000000000000
0000000000000000
0000280000000000
0000000000000000
