0000000000000000
0000190000000000
0000000000000000
00000c0000000000
00000c1000000000
0000102c00000000
00002c0000000000
0000000000000000
0000090000000000
0000000000000000
00000f0000000000
0000040000000000
0000040a00000000
00000a0000000000
0000000000000000
0000370000000000
0000170000000000
0000170000000000
0000000000000000
00001b0000000000
0000000000000000
0000170000000000
0000000000000000
0000280000000000
0000000000000000
00000c0000000000
0000000000000000
2000000000000000
2000170000000000
0000170000000000
0000000000000000
00000b0000000000
0000000000000000
0000080000000000
0000000000000000
00002c0000000000
0000000000000000
0000090000000000
0000000000000000
00000f0000000000
0000040000000000
0000040a00000000
00000a0000000000
0000000000000000
00002c0000000000
0000000000000000
00000c0000000000
0000000000000000
0000160000000000
0000000000000000
00002c0000000000
0000000000000000
0000060000000000
0000000000000000
0000170000000000
0000000000000000
0000090000000000
0000000000000000
0000290000000000
0000000000000000
0000190000000000
0000000000000000
0000050000000000
0000000000000000
2000000000000000
2000180000000000
0000180000000000
0000000000000000
2000000000000000
2000040000000000
2000000000000000
20002f0000000000
00002f0000000000
0000000000000000
0000100000000000
0000000000000000
00001c0000000000
0000000000000000
2000000000000000
20002d0000000000
2000000000000000
0000000000000000
0000090000000000
0000000000000000
0000040000000000
0000000000000000
0000190000000000
0000000000000000
0000120000000000
0000000000000000
0000150000000000
0000000000000000
00000c0000000000
0000000000000000
0000170000000000
0000170800000000
0000080000000000
0000000000000000
2000000000000000
20002d0000000000
0000000000000000
0000080000000000
0000000000000000
0000070000000000
0000000000000000
00000c0000000000
0000000000000000
0000170000000000
0000000000000000
0000120000000000
0000000000000000
0000150000000000
0000000000000000
2000000000000000
20002d0000000000
2000000000000000
0000000000000000
00000c0000000000
0000000000000000
0000160000000000
0000000000000000
2000000000000000
20002d0000000000
0000000000000000
0000190000000000
0000000000000000
00000c0000000000
0000000000000000
0000100000000000
0000000000000000
2000000000000000
2000300000000000
0000000000000000
0000290000000000
0000000000000000
00000b0000000000
0000000000000000
00000b0000000000
0000000000000000
00000b0000000000
0000000000000000
00000b0000000000
0000000000000000
00000b0000000000
0000000000000000
00000b0000000000
0000000000000000
00000b0000000000
0000000000000000
00000b0000000000
0000000000000000
00000b0000000000
0000000000000000
00000b0000000000
0000000000000000
00000b0000000000
0000000000000000
00000b0000000000
0000000000000000
00000b0000000000
0000000000000000
00000b0000000000
0000000000000000
00000b0000000000
0000000000000000
00000b0000000000
0000000000000000
00000b0000000000
0000000000000000
00000b0000000000
0000000000000000
00000b0000000000
0000000000000000
0000040000000000
0000000000000000
0000180000000000
0000000000000000
0000290000000000
0000000000000000
0000190000000000
0000000000000000
00000c0000000000
0000000000000000
2000000000000000
20002f0000000000
2000000000000000
0000000000000000
2000000000000000
2000180000000000
2000000000000000
0000000000000000
0000290000000000
0000000000000000
2000000000000000
2000330000000000
0000330000000000
0000000000000000
00001a0000000000
0000000000000000
0000140000000000
0000000000000000
0000280000000000
0000000000000000
0400000000000000
04002b0000000000
0400000000000000
0000000000000000
