0000000000000000
0000110000000000
0000111200000000
0000120000000000
0000170000000000
0000170800000000
0000080000000000
0000000000000000
0000130000000000
0000040000000000
0000040700000000
0000070000000000
0000000000000000
0000370000000000
0000000000000000
0000080000000000
0000000000000000
00001b0000000000
0000000000000000
0000080000000000
0000000000000000
0000280000000000
0000000000000000
0200000000000000
0200000000000000
0200120000000000
0200000000000000
0000000000000000
00000b0000000000
0000000000000000
00002c0000000000
0000000000000000
00000b0000000000
00000b0c00000000
00000c0000000000
0000000000000000
0000370000000000
0000372c00000000
00002c0000000000
0000000000000000
0200000000000000
02001c0000000000
0200000000000000
0000000000000000
0000120000000000
0000121800000000
0000180000000000
0000182c00000000
00002c0000000000
0000000000000000
0000090000000000
0000000000000000
00000c0000000000
00000c0a00000000
00000a0000000000
0000000000000000
0000180000000000
0000000000000000
0000150000000000
0000150800000000
0000080000000000
0000000000000000
0000070000000000
0000000000000000
00002c0000000000
0000000000000000
00000c0000000000
0000000000000000
0000170000000000
0000000000000000
00002c0000000000
0000000000000000
0000120000000000
0000121800000000
0000180000000000
0000170000000000
0000000000000000
0000370000000000
0000372c00000000
00002c0000000000
0000000000000000
2000000000000000
20000a0000000000
0000000000000000
0000120000000000
0000000000000000
0000120000000000
0000000000000000
0000070000000000
0000000000000000
00002c0000000000
0000000000000000
00000d0000000000
00000d1200000000
0000120000000000
0000000000000000
0000050000000000
0000000000000000
0000370000000000
0000372c00000000
00002c0000000000
0000000000000000
0200000000000000
02000c0000000000
0200000000000000
0000000000000000
0000340000000000
0000000000000000
0000100000000000
0000102c00000000
00002c0000000000
0000000000000000
00000a0000000000
0000120000000000
0000000000000000
0000110000000000
0000000000000000
0000110000000000
0000000000000000
0000040000000000
0000000000000000
00002c0000000000
0000000000000000
00000a0000000000
0000120000000000
0000122c00000000
00002c0000000000
0000000000000000
0000040000000000
0000000000000000
00000b0000000000
0000080000000000
0000080400000000
0000040000000000
0000040700000000
0000070000000000
00002c0000000000
0000000000000000
0000040000000000
0000000000000000
0000110000000000
0000000000000000
0000070000000000
0000000000000000
00002c0000000000
0000000000000000
0000170000000000
0000000000000000
00001c0000000000
00001c1300000000
0000130000000000
0000080000000000
0000000000000000
00002c0000000000
0000000000000000
0000040000000000
0000042c00000000
00002c0000000000
0000000000000000
0000090000000000
0000090800000000
0000080000000000
0000081a00000000
00001a0000000000
0000000000000000
00002c0000000000
0000000000000000
0000170000000000
0000170b00000000
00000b0000000000
0000000000000000
00000c0000000000
00000c1100000000
0000110000000000
0000110a00000000
00000a0000000000
0000000000000000
0000160000000000
0000000000000000
00002c0000000000
0000000000000000
0000170000000000
0000171200000000
0000120000000000
0000122c00000000
00002c0000000000
0000000000000000
0000100000000000
0000000000000000
0000040000000000
0000000000000000
00000e0000000000
0000000000000000
0000080000000000
0000000000000000
00002c0000000000
0000000000000000
0000170000000000
0000170b00000000
00000b0000000000
00000b0c00000000
00000c0000000000
0000000000000000
0000160000000000
0000000000000000
00002c0000000000
0000000000000000
0000130000000000
0000131500000000
0000150000000000
0000150800000000
0000080000000000
0000000000000000
0000170000000000
0000000000000000
0000170000000000
00001c0000000000
00001c2c00000000
00002c0000000000
0000000000000000
0000040000000000
0000000000000000
0000110000000000
0000000000000000
0000110000000000
0000000000000000
0000120000000000
0000121c00000000
00001c0000000000
0000000000000000
00000c0000000000
00000c1100000000
0000110000000000
00000a0000000000
0000000000000000
00002c0000000000
0000000000000000
0000160000000000
0000161200000000
0000120000000000
0000000000000000
00002c0000000000
0000000000000000
00001c0000000000
0000000000000000
0000120000000000
0000121800000000
0000180000000000
0000182c00000000
00002c0000000000
0000000000000000
0000060000000000
0000040000000000
0000000000000000
0000110000000000
0000000000000000
0000340000000000
0000000000000000
0000170000000000
0000000000000000
00002c0000000000
0000000000000000
00000d0000000000
0000000000000000
0000180000000000
0000000000000000
0000160000000000
0000161700000000
0000170000000000
0000000000000000
00002c0000000000
0000000000000000
00000c0000000000
0000000000000000
0000170000000000
0000000000000000
00002c0000000000
0000000000000000
00002a0000000000
0000000000000000
00002a0000000000
0000000000000000
00002a0000000000
0000000000000000
0000070000000000
0000000000000000
0000120000000000
0000122c00000000
00002c0000000000
0000000000000000
00000c0000000000
0000000000000000
0000170000000000
0000000000000000
00002c0000000000
0000000000000000
0000100000000000
0000000000000000
0000040000000000
0000000000000000
0000110000000000
0000000000000000
0000180000000000
0000000000000000
0000040000000000
0000000000000000
00000f0000000000
0000000000000000
00000f0000000000
0000000000000000
00001c0000000000
0000000000000000
0000370000000000
0000372c00000000
00002c0000000000
0000000000000000
0200000000000000
0200120000000000
0000120000000000
0000000000000000
00000e0000000000
0000000000000000
0000370000000000
0000372c00000000
00002c0000000000
0000000000000000
2000000000000000
2000170000000000
0000170000000000
0000000000000000
00000b0000000000
00000b0400000000
0000040000000000
0000041700000000
0000170000000000
0000000000000000
0000340000000000
0000160000000000
00002c0000000000
0000000000000000
0000080000000000
0000000000000000
0000110000000000
0000000000000000
0000120000000000
0000121800000000
0000180000000000
0000000000000000
00000a0000000000
00000b0000000000
0000000000000000
0000370000000000
0000372c00000000
00002c0000000000
0000000000000000
0000090000000000
0000000000000000
00000f0000000000
0000000000000000
0000040000000000
0000040a00000000
00000a0000000000
0000000000000000
0200000000000000
02002f0000000000
0200000000000000
0000000000000000
0000180000000000
0000000000000000
0000160000000000
0000000000000000
0000050000000000
0000000000000000
0200000000000000
02002d0000000000
0200000000000000
0000000000000000
0000130000000000
0000000000000000
0000060000000000
0000000000000000
0000040000000000
0000000000000000
0000130000000000
0000000000000000
0000160000000000
0000000000000000
0200000000000000
02002d0000000000
0200000000000000
0000000000000000
0000040000000000
0000000000000000
0000150000000000
0000150800000000
0000080000000000
0000000000000000
0200000000000000
02002d0000000000
0200000000000000
0000000000000000
0000090000000000
0000180000000000
0000000000000000
0000110000000000
0000000000000000
0200000000000000
0200300000000000
0200000000000000
0000000000000000
0100000000000000
0100060000000000
0100000000000000
0000000000000000
0000140000000000
