00000b0000000000
00000b0000000000
0000000000000000
0000000000000000
0000080000000000
0000080000000000
0000081500000000
0000081500000000
0000150000000000
0000150000000000
0000080000000000
0000080000000000
0000000000000000
0000000000000000
00002c0000000000
00002c0000000000
0000000000000000
0000000000000000
00000c0000000000
00000c0000000000
0000160000000000
0000160000000000
0000162c00000000
0000162c00000000
00002c0000000000
00002c0000000000
0000000000000000
0000000000000000
00001c0000000000
00001c0000000000
0000120000000000
0000120000000000
0000121800000000
0000121800000000
0000180000000000
0000180000000000
0000000000000000
0000000000000000
0000150000000000
0000150000000000
0000000000000000
0000000000000000
00002c0000000000
00002c0000000000
0000000000000000
0000000000000000
0000090000000000
0000090000000000
00000f0000000000
00000f0000000000
0000040000000000
0000040000000000
0000040a00000000
0000040a00000000
00000a0000000000
00000a0000000000
0000000000000000
0000000000000000
00002c0000000000
00002c0000000000
0000000000000000
0000000000000000
2000000000000000
2000000000000000
2000160000000000
2000160000000000
2000000000000000
2000000000000000
2000040000000000
2000040000000000
2000000000000000
2000000000000000
2000090000000000
2000090000000000
2000000000000000
2000000000000000
2000060000000000
2000060000000000
2000061600000000
2000061600000000
2000160000000000
2000160000000000
2000000000000000
2000000000000000
2000130000000000
2000130000000000
2000000000000000
2000000000000000
0000000000000000
0000000000000000
2000000000000000
2000000000000000
20002f0000000000
20002f0000000000
2000000000000000
2000000000000000
0000000000000000
0000000000000000
0000080000000000
0000080000000000
0000080400000000
0000080400000000
0000040000000000
0000040000000000
0000041700000000
0000041700000000
0000170000000000
0000170000000000
0000000000000000
0000000000000000
0200000000000000
0200000000000000
02002d0000000000
02002d0000000000
0200000000000000
0200000000000000
0000000000000000
0000000000000000
0000170000000000
0000170000000000
0000170b00000000
0000170b00000000
00000b0000000000
00000b0000000000
0000040000000000
0000040000000000
0000041700000000
0000041700000000
0000170000000000
0000170000000000
0000000000000000
0000000000000000
0200000000000000
0200000000000000
02002d0000000000
02002d0000000000
0000000000000000
0000000000000000
0000090000000000
0000090000000000
0000000000000000
0000000000000000
0000150000000000
0000150000000000
0000000000000000
0000000000000000
0000120000000000
0000120000000000
0000000000000000
0000000000000000
00000a0000000000
00000a0000000000
0000000000000000
0000000000000000
2000000000000000
2000000000000000
2000300000000000
2000300000000000
2000000000000000
2000000000000000
0000000000000000
0000000000000000
