0000280000000000
0000000000000000
00001a0000000000
0000000000000000
0000130000000000
0000000000000000
00001a0000000000
0000000000000000
00000b0000000000
0000000000000000
0000140000000000
0000000000000000
0000160000000000
0000000000000000
0000070000000000
0000000000000000
00000b0000000000
0000000000000000
00000f0000000000
0000000000000000
0000130000000000
0000000000000000
0000240000000000
0000000000000000
00000b0000000000
0000000000000000
00001b0000000000
0000000000000000
0000230000000000
0000000000000000
0000260000000000
0000000000000000
