
00000000000000
001c0000000000
00000000000000
00120000000000
00000000000000
00120000000000
00000000000000
002c0000000000
00000000000000
00100000000000
00000000000000
00040000000000
00000000000000
00110000000000
00000000000000
00280000000000
00000000000000
00160000000000
00000000000000
00120000000000
00000000000000
00150000000000
00000000000000
00150000000000
00151c00000000
001c0000000000
00000000000000
002c0000000000
00000000000000
00090000000000
00000000000000
00120000000000
00000000000000
00150000000000
00000000000000
002c0000000000
00000000000000
00170000000000
00000000000000
000b0000000000
000b0800000000
00080000000000
00000000000000
002c0000000000
00000000000000
00070000000000
00000000000000
00080000000000
00000000000000
000f0000000000
00000000000000
00040000000000
00000000000000
001c0000000000
00000000000000
002c0000000000
002c0f00000000
000f0000000000
00000000000000
00120000000000
00000000000000
000f0000000000
00000000000000
00280000000000
00000000000000
00280000000000
00000000000000
00170000000000
00000000000000
00150000000000
00000000000000
001c0000000000
00000000000000
000c0000000000
000c1100000000
00110000000000
00110a00000000
000a0000000000
00000000000000
002c0000000000
00000000000000
00170000000000
00000000000000
00120000000000
00000000000000
002c0000000000
00000000000000
000a0000000000
00000000000000
00080000000000
00081700000000
00170000000000
00000000000000
002c0000000000
002c1700000000
00170000000000
00000000000000
001c0000000000
00000000000000
000c0000000000
00000000000000
002a0000000000
00000000000000
002a0000000000
00000000000000
002a0000000000
00000000000000
00170000000000
00000000000000
000b0000000000
000b0c00000000
000c0000000000
00000000000000
00160000000000
00000000000000
002c0000000000
002c0e00000000
000e0000000000
00000000000000
00080000000000
00000000000000
001c0000000000
00000000000000
00050000000000
00051200000000
00120000000000
00000000000000
00040000000000
00000000000000
00150000000000
00000000000000
00070000000000
00000000000000
002c0000000000
00000000000000
001a0000000000
00000000000000
00120000000000
00000000000000
00150000000000
00000000000000
000e0000000000
00000000000000
000c0000000000
000c1100000000
00110000000000
00110a00000000
00110a0b000000
00110b00000000
00110000000000
00000000000000
00280000000000
00000000000000
00280000000000
00000000000000
001c0000000000
00000000000000
00080000000000
00080400000000
0008040b000000
00040b00000000
00040000000000
00000000000000
002c0000000000
002c0c00000000
000c0000000000
00000000000000
00170000000000
00000000000000
00160000000000
00000000000000
002c0000000000
002c1100000000
00110000000000
00110800000000
00080000000000
00081a00000000
001a0000000000
00000000000000
00370000000000
00000000000000
002c0000000000
00000000000000
20000000000000
00000000000000
001a0000000000
00000000000000
000c0000000000
00000000000000
00150000000000
00000000000000
00080000000000
00000000000000
000f0000000000
00000000000000
00080000000000
00000000000000
00160000000000
00000000000000
00160000000000
00000000000000
002c0000000000
00000000000000
00100000000000
00000000000000
00040000000000
00000000000000
00110000000000
00000000000000
000a0000000000
00000000000000
002a0000000000
00000000000000
00370000000000
00000000000000
002c0000000000
00000000000000
00280000000000
00000000000000
00280000000000
00000000000000
00050000000000
00000000000000
00080000000000
00000000000000
00080000000000
00081100000000
00110000000000
00000000000000
002c0000000000
00000000000000
00100000000000
00101200000000
00120000000000
00000000000000
00190000000000
00190c00000000
000c0000000000
000c1100000000
00110000000000
00110a00000000
000a0000000000
00000000000000
002c0000000000
002c1300000000
00130000000000
00131500000000
00150000000000
00000000000000
00120000000000
00000000000000
00070000000000
00000000000000
00180000000000
00000000000000
00060000000000
00000000000000
00170000000000
00000000000000
00280000000000
00000000000000
00280000000000
00000000000000
00160000000000
00161300000000
00130000000000
00000000000000
00080000000000
00000000000000
00040000000000
00040e00000000
000e0000000000
00000000000000
000c0000000000
000c1100000000
00110000000000
00110a00000000
00110a2c000000
00112c00000000
002c0000000000
002c1200000000
00120000000000
00000000000000
00090000000000
00000000000000
002c0000000000
00000000000000
001c0000000000
00000000000000
00120000000000
00121800000000
00180000000000
00000000000000
002c0000000000
00000000000000
00110000000000
00110800000000
00080000000000
00000000000000
00080000000000
00000000000000
00070000000000
00000000000000
00080000000000
00000000000000
00070000000000
00000000000000
002c0000000000
00000000000000
00170000000000
00000000000000
00120000000000
00122c00000000
002c0000000000
00000000000000
00060000000000
00061200000000
00120000000000
00121100000000
00110000000000
00111700000000
00170000000000
00000000000000
00040000000000
00040600000000
00060000000000
00000000000000
00170000000000
00000000000000
002c0000000000
002c1000000000
00100000000000
00101c00000000
001c0000000000
00000000000000
002c0000000000
002c0500000000
00050000000000
00000000000000
00120000000000
00000000000000
001c0000000000
00000000000000
002c0000000000
00000000000000
00150000000000
00000000000000
000c0000000000
00000000000000
000a0000000000
00000000000000
000b0000000000
00000000000000
00170000000000
00000000000000
20000000000000
20380000000000
20000000000000
00000000000000
00280000000000
00000000000000
00280000000000
00000000000000
001c0000000000
00000000000000
00080000000000
00000000000000
00280000000000
00000000000000
00280000000000
00000000000000
00160000000000
00000000000000
000b0000000000
00000000000000
00120000000000
00121800000000
00180000000000
00000000000000
000f0000000000
00000000000000
00070000000000
00072c00000000
002c0000000000
002c0500000000
00050000000000
00050800000000
00080000000000
00000000000000
002c0000000000
00000000000000
00090000000000
00090c00000000
000c0000000000
000c1100000000
00110000000000
00000000000000
00080000000000
00000000000000
002c0000000000
00000000000000
000d0000000000
00000000000000
00180000000000
00000000000000
00160000000000
00000000000000
00170000000000
00000000000000
002c0000000000
00000000000000
00160000000000
00160400000000
00040000000000
00041c00000000
001c0000000000
00000000000000
002c0000000000
00000000000000
20000000000000
200d0000000000
20000000000000
00000000000000
00120000000000
00000000000000
000b0000000000
00000000000000
00110000000000
00000000000000
00110000000000
00000000000000
001c0000000000
00000000000000
002c0000000000
00000000000000
20000000000000
200b0000000000
20000000000000
00000000000000
002c0000000000
00000000000000
00160000000000
00000000000000
00080000000000
00000000000000
00110000000000
00000000000000
00170000000000
00000000000000
002c0000000000
00000000000000
001c0000000000
00000000000000
00120000000000
00121800000000
00180000000000
00000000000000
00280000000000
00000000000000
00280000000000
00000000000000
00040000000000
00000000000000
000f0000000000
00000000000000
00150000000000
00000000000000
000c0000000000
00000000000000
000a0000000000
00000000000000
000b0000000000
000b1700000000
00170000000000
00000000000000
002c0000000000
00000000000000
000f0000000000
00000000000000
00080000000000
00000000000000
00100000000000
00000000000000
00100000000000
00000000000000
00080000000000
00000000000000
002c0000000000
00000000000000
000a0000000000
00000000000000
00080000000000
00081700000000
00170000000000
00000000000000
002c0000000000
00000000000000
001c0000000000
00000000000000
00120000000000
00121800000000
00180000000000
00182c00000000
002c0000000000
002c1700000000
00170000000000
00000000000000
000b0000000000
00000000000000
00080000000000
00082c00000000
002c0000000000
002c1100000000
00110000000000
00000000000000
00180000000000
00000000000000
00100000000000
00000000000000
00050000000000
00000000000000
00080000000000
00081500000000
00150000000000
00000000000000
00280000000000
00000000000000
00280000000000
00000000000000
000b0000000000
000b1200000000
00120000000000
00000000000000
000f0000000000
00000000000000
00070000000000
00000000000000
002c0000000000
00000000000000
00180000000000
00181300000000
00130000000000
00000000000000
002c0000000000
00000000000000
20000000000000
200c0000000000
20000000000000
00000000000000
00340000000000
00341000000000
00100000000000
00102c00000000
002c0000000000
002c0f00000000
000f0000000000
00000000000000
00120000000000
00000000000000
00120000000000
00120e00000000
000e0000000000
00000000000000
000c0000000000
000c1100000000
00110000000000
00000000000000
000a0000000000
000a2c00000000
002c0000000000
00000000000000
00090000000000
00000000000000
00120000000000
00000000000000
00150000000000
00152c00000000
002c0000000000
002c0c00000000
000c0000000000
00000000000000
00170000000000
00000000000000
00280000000000
00000000000000
00280000000000
00280c00000000
000c0000000000
00000000000000
00170000000000
00000000000000
00160000000000
00162c00000000
002c0000000000
002c0b00000000
000b0000000000
000b0c00000000
000c0000000000
00000000000000
00160000000000
00162c00000000
002c0000000000
002c0500000000
00050000000000
00051800000000
00180000000000
00000000000000
00150000000000
00000000000000
00110000000000
00000000000000
00080000000000
00000000000000
00150000000000
00000000000000
00360000000000
00362c00000000
002c0000000000
00000000000000
000a0000000000
00000000000000
00120000000000
00000000000000
00170000000000
00172c00000000
002c0000000000
002c0c00000000
000c0000000000
000c1700000000
00170000000000
00000000000000
002c0000000000
00000000000000
001a0000000000
001a1500000000
00150000000000
00000000000000
000c0000000000
00000000000000
00170000000000
00000000000000
00170000000000
00170800000000
00080000000000
00000000000000
00110000000000
00112c00000000
002c0000000000
00000000000000
00070000000000
00000000000000
00120000000000
00000000000000
001a0000000000
00000000000000
00110000000000
00112c00000000
002c0000000000
00000000000000
00160000000000
00161200000000
00120000000000
00121000000000
00100000000000
00100800000000
00080000000000
00000000000000
001a0000000000
00000000000000
000b0000000000
00000000000000
00080000000000
00000000000000
00150000000000
00000000000000
00080000000000
00000000000000
00280000000000
00000000000000
00280000000000
00000000000000
00280000000000
00000000000000
001c0000000000
00000000000000
00080000000000
00080400000000
00040000000000
00000000000000
000b0000000000
000b2c00000000
002c0000000000
00000000000000
000a0000000000
00000000000000
00120000000000
00000000000000
00170000000000
00000000000000
002c0000000000
00000000000000
000c0000000000
00000000000000
00170000000000
00000000000000
00280000000000
00000000000000
00280000000000
00000000000000
00270000000000
00272400000000
00240000000000
00000000000000
00200000000000
00000000000000
00230000000000
00000000000000
00240000000000
00000000000000
001f0000000000
00000000000000
00240000000000
00000000000000
00250000000000
00000000000000
00220000000000
00000000000000
00260000000000
00000000000000
00280000000000
00000000000000
00280000000000
00000000000000
00100000000000
00000000000000
000c0000000000
000c1100000000
00110000000000
00000000000000
00070000000000
00000000000000
002c0000000000
00000000000000
000c0000000000
00000000000000
00170000000000
00000000000000
002c0000000000
002c0c00000000
000c0000000000
00000000000000
00160000000000
00000000000000
002c0000000000
00000000000000
00040000000000
00042c00000000
002c0000000000
00000000000000
00160000000000
00161a00000000
001a0000000000
001a0800000000
001a0000000000
00000000000000
00080000000000
00000000000000
00070000000000
00000000000000
000c0000000000
00000000000000
00160000000000
00000000000000
000b0000000000
000b2c00000000
002c0000000000
00000000000000
00110000000000
00111800000000
00180000000000
00000000000000
00100000000000
00000000000000
00050000000000
00000000000000
00080000000000
00081500000000
00150000000000
00000000000000
00370000000000
00000000000000
002c0000000000
00000000000000
000b0000000000
00000000000000
00080000000000
00000000000000
002c0000000000
00000000000000
000a0000000000
000a1200000000
00120000000000
00000000000000
00170000000000
00000000000000
002c0000000000
002c0c00000000
000c0000000000
00000000000000
00170000000000
00000000000000
002c0000000000
002c1200000000
00120000000000
00121100000000
00110000000000
00112c00000000
002c0000000000
00000000000000
000b0000000000
000b1200000000
00120000000000
00000000000000
000f0000000000
000f0c00000000
000c0000000000
00000000000000
00070000000000
00000000000000
00040000000000
00041c00000000
001c0000000000
00000000000000
002c0000000000
00000000000000
00170000000000
00000000000000
000b0000000000
00000000000000
00080000000000
00081500000000
00150000000000
00000000000000
00080000000000
00000000000000
002c0000000000
00000000000000
00090000000000
00090800000000
00080000000000
00000000000000
001a0000000000
001a2c00000000
002c0000000000
002c1000000000
00100000000000
00101200000000
00120000000000
00121100000000
00110000000000
00000000000000
00170000000000
00000000000000
000b0000000000
000b1600000000
00160000000000
00000000000000
002c0000000000
002c0500000000
00050000000000
00050400000000
00040000000000
00000000000000
00060000000000
00060e00000000
000e0000000000
00000000000000
00280000000000
00000000000000
00280000000000
00000000000000
001c0000000000
00000000000000
00080000000000
00000000000000
00040000000000
00000000000000
000b0000000000
000b2c00000000
002c0000000000
00000000000000
001c0000000000
00000000000000
00120000000000
00121800000000
00180000000000
00182c00000000
002c0000000000
00000000000000
00060000000000
00000000000000
00040000000000
00000000000000
00110000000000
00000000000000
002c0000000000
00000000000000
00050000000000
00000000000000
00180000000000
00181c00000000
001c0000000000
00000000000000
002c0000000000
002c0500000000
00050000000000
00051800000000
00180000000000
00000000000000
00150000000000
00000000000000
00110000000000
00110800000000
00080000000000
00081500000000
00150000000000
00000000000000
00160000000000
00000000000000
002c0000000000
00000000000000
00160000000000
00161800000000
00180000000000
00181300000000
00130000000000
00130800000000
00080000000000
00000000000000
00150000000000
00000000000000
002c0000000000
00000000000000
00080000000000
00000000000000
00040000000000
00041600000000
00160000000000
00000000000000
000c0000000000
000c0f00000000
000f0000000000
00000000000000
001c0000000000
00000000000000
002c0000000000
00000000000000
00170000000000
00000000000000
000b0000000000
00000000000000
00080000000000
00081500000000
00150000000000
00000000000000
00080000000000
00000000000000
00280000000000
00000000000000
00280000000000
00000000000000
00040000000000
00040f00000000
000f0000000000
00000000000000
00150000000000
00000000000000
000c0000000000
00000000000000
000a0000000000
00000000000000
000b0000000000
000b1700000000
00170000000000
00000000000000
002c0000000000
00000000000000
20000000000000
00000000000000
000a0000000000
00000000000000
00280000000000
00000000000000
00280000000000
00000000000000
001c0000000000
00000000000000
00080000000000
00080400000000
00040000000000
00040b00000000
000b0000000000
00000000000000
002c0000000000
002c0c00000000
000c0000000000
00000000000000
00170000000000
00000000000000
00160000000000
00000000000000
002c0000000000
202c0000000000
20000000000000
00000000000000
00070000000000
00000000000000
00120000000000
00000000000000
00110000000000
00000000000000
00110000000000
00000000000000
001c0000000000
00000000000000
002c0000000000
00000000000000
000f0000000000
00000000000000
00280000000000
00000000000000
00280000000000
00000000000000
00150000000000
00150800000000
00080000000000
00000000000000
00100000000000
00000000000000
00080000000000
00000000000000
00100000000000
00000000000000
00050000000000
00000000000000
00080000000000
00081500000000
00150000000000
00000000000000
002c0000000000
00000000000000
00170000000000
00000000000000
00120000000000
00000000000000
002c0000000000
00000000000000
00170000000000
00000000000000
00080000000000
00000000000000
000f0000000000
00000000000000
000f0000000000
00000000000000
002c0000000000
00000000000000
000b0000000000
00000000000000
000c0000000000
000c1000000000
00100000000000
00102c00000000
002c0000000000
00000000000000
000c0000000000
00000000000000
002c0000000000
00000000000000
00160000000000
00000000000000
00080000000000
00000000000000
00110000000000
00000000000000
00170000000000
00000000000000
002c0000000000
00000000000000
001c0000000000
00000000000000
00120000000000
00121800000000
00180000000000
00000000000000
00280000000000
00000000000000
00280000000000
00000000000000
00130000000000
00000000000000
00080000000000
00080400000000
00040000000000
00000000000000
00060000000000
00000000000000
00080000000000
00000000000000
00280000000000
00000000000000
00280000000000
00000000000000
01000000000000
011b0000000000
01000000000000
00000000000000
