0000150000000000
0000000000000000
0000120000000000
0000000000000000
0000120000000000
0000000000000000
0000170000000000
0000000000000000
0000280000000000
0000000000000000
0200000000000000
02001a0000000000
0200000000000000
0000000000000000
0000080000000000
0000000000000000
00000f0000000000
0000000000000000
0000060000000000
0000000000000000
0000120000000000
0000000000000000
0000100000000000
0000000000000000
0000080000000000
0000000000000000
00001e0000000000
0000000000000000
00001f0000000000
0000000000000000
0000200000000000
0000000000000000
0000280000000000
0000000000000000
00000f0000000000
0000000000000000
0000160000000000
0000000000000000
00002c0000000000
0000000000000000
00002d0000000000
0000000000000000
00000f0000000000
0000000000000000
0000040000000000
0000000000000000
0000280000000000
0000000000000000
0000060000000000
0000000000000000
0000180000000000
0000000000000000
0000150000000000
0000000000000000
00000f0000000000
0000000000000000
00002c0000000000
0000000000000000
00002d0000000000
0000000000000000
00000e0000000000
0000000000000000
0000160000000000
0000000000000000
00002c0000000000
0000000000000000
00000b0000000000
0000000000000000
0000170000000000
0000000000000000
0000170000000000
0000000000000000
0000130000000000
0000000000000000
0000160000000000
0000000000000000
0200000000000000
0200330000000000
0200000000000000
0000000000000000
0000380000000000
0000000000000000
0000380000000000
0000000000000000
0000150000000000
0000000000000000
0000120000000000
0000000000000000
0000120000000000
0000000000000000
0000170000000000
0000000000000000
0200000000000000
0200330000000000
0200000000000000
02001a0000000000
0200000000000000
0000000000000000
0000080000000000
0000000000000000
00000f0000000000
0000000000000000
0000060000000000
0000000000000000
0000120000000000
0000000000000000
0000100000000000
0000000000000000
0000080000000000
0000000000000000
00001e0000000000
0000000000000000
00001f0000000000
0000000000000000
0000200000000000
0000000000000000
0200000000000000
02001f0000000000
0200000000000000
0000000000000000
00000c0000000000
0000000000000000
0000110000000000
0000000000000000
0000170000000000
0000000000000000
0000150000000000
0000000000000000
0000040000000000
0000000000000000
0000110000000000
0000000000000000
0000080000000000
0000000000000000
0000170000000000
0000000000000000
0000380000000000
0000000000000000
0000160000000000
0000000000000000
0000080000000000
0000000000000000
0000060000000000
0000000000000000
0000150000000000
0000000000000000
0000080000000000
0000000000000000
0000170000000000
0000000000000000
0000370000000000
0000000000000000
00001d0000000000
0000000000000000
00000c0000000000
0000000000000000
0000130000000000
0000000000000000
0000280000000000
0000000000000000
0000180000000000
0000000000000000
0000110000000000
0000000000000000
00001d0000000000
0000000000000000
00000c0000000000
0000000000000000
0000130000000000
0000000000000000
00002c0000000000
0000000000000000
0000160000000000
0000000000000000
0000080000000000
0000000000000000
0000060000000000
0000000000000000
0000150000000000
0000000000000000
0000080000000000
0000000000000000
0000170000000000
0000000000000000
0000370000000000
0000000000000000
00001d0000000000
0000000000000000
00000c0000000000
0000000000000000
0000130000000000
0000000000000000
0000280000000000
0000000000000000
0200000000000000
0200130000000000
0200000000000000
0000000000000000
00001c0000000000
0000000000000000
00000d0000000000
0000000000000000
0000210000000000
0000000000000000
0000100000000000
0000000000000000
0000210000000000
0000000000000000
0200000000000000
0200130000000000
0200000000000000
0000000000000000
0000210000000000
0000000000000000
0000150000000000
0000000000000000
0000170000000000
0000000000000000
0200000000000000
02001c0000000000
0200000000000000
02001f0000000000
0200000000000000
0000000000000000
00001f0000000000
0000000000000000
0000270000000000
0000000000000000
00001e0000000000
0000000000000000
0000240000000000
0000000000000000
0000280000000000
0000000000000000
0000060000000000
0000000000000000
0000040000000000
0000000000000000
0000170000000000
0000000000000000
00002c0000000000
0000000000000000
0000160000000000
0000000000000000
0000080000000000
0000000000000000
0000060000000000
0000000000000000
0000150000000000
0000000000000000
0000080000000000
0000000000000000
0000170000000000
0000000000000000
0000370000000000
0000000000000000
0000170000000000
0000000000000000
00001b0000000000
0000000000000000
0000170000000000
0000000000000000
0000280000000000
0000000000000000
0000070000000000
0000000000000000
00000c0000000000
0000000000000000
0000160000000000
0000000000000000
0000130000000000
0000000000000000
00000f0000000000
0000000000000000
0000040000000000
0000000000000000
00001c0000000000
0000000000000000
00002c0000000000
0000000000000000
00000b0000000000
0000000000000000
0000040000000000
0000000000000000
0000100000000000
0000000000000000
0000050000000000
0000000000000000
0000180000000000
0000000000000000
0000150000000000
0000000000000000
00000a0000000000
0000000000000000
00002b0000000000
0000000000000000
0000280000000000
0000000000000000
0100000000000000
0000000000000000
00000f0000000000
0000000000000000
0000120000000000
0000000000000000
00000a0000000000
0000000000000000
0000120000000000
0000121800000000
0000180000000000
0000000000000000
0000170000000000
0000000000000000
0000284e00000000
0000280000000000
0000000000000000
