00001c0000000000
0000000000000000
0000120000000000
0000000000000000
0000180000000000
0000000000000000
0000170000000000
0000000000000000
0000180000000000
0000000000000000
0000050000000000
0000000000000000
0000080000000000
0000000000000000
0000370000000000
0000000000000000
0000060000000000
0000000000000000
0000120000000000
0000000000000000
0000100000000000
0000000000000000
0000380000000000
0000000000000000
00001a0000000000
0000000000000000
0000040000000000
0000000000000000
0000170000000000
0000000000000000
0000060000000000
0000000000000000
00000b0000000000
0000000000000000
2000000000000000
2000380000000000
2000000000000000
0000000000000000
0000190000000000
0000000000000000
00002e0000000000
0000000000000000
0000120000000000
0000000000000000
00002a0000000000
0000000000000000
0000120000000000
0000000000000000
00000b0000000000
0000000000000000
00002a0000000000
0000000000000000
00000b0000000000
0000000000000000
00000a0000000000
0000000000000000
00002a0000000000
0000000000000000
00000a0000000000
0000000000000000
00002a0000000000
0000000000000000
00000a0000000000
0000000000000000
0000220000000000
0000000000000000
0000160000000000
0000000000000000
00002a0000000000
0000000000000000
0000160000000000
0000000000000000
00000d0000000000
0000000000000000
00001c0000000000
0000000000000000
00002a0000000000
0000000000000000
00001c0000000000
0000000000000000
0000150000000000
0000000000000000
00000b0000000000
0000000000000000
00002a0000000000
0000000000000000
00000b0000000000
0000000000000000
0000040000000000
0000000000000000
0000270000000000
0000000000000000
