200201020000000000000000000000
200201020e00000000000000000000
200201020000000000000000000000
200201000000000000000000000000
200201000400000000000000000000
200201000000000000000000000000
200201000800000000000000000000
200201000000000000000000000000
200201001500000000000000000000
200201001508000000000000000000
200201000800000000000000000000
200201000000000000000000000000
200201002c00000000000000000000
200201000000000000000000000000
200201020000000000000000000000
200201021100000000000000000000
200201020000000000000000000000
200201000000000000000000000000
200201000c00000000000000000000
200201000000000000000000000000
200201001600000000000000000000
200201000000000000000000000000
200201001600000000000000000000
200201000000000000000000000000
200201000800000000000000000000
200201000000000000000000000000
200201000700000000000000000000
200201000000000000000000000000
200201000400000000000000000000
200201000000000000000000000000
200201000a00000000000000000000
200201000000000000000000000000
200201000500000000000000000000
200201000512000000000000000000
200201001200000000000000000000
200201000000000000000000000000
200201000a00000000000000000000
200201000000000000000000000000
200201020000000000000000000000
200201021e00000000000000000000
200201020000000000000000000000
200201000000000000000000000000
200201002800000000000000000000
200201000000000000000000000000
200201002800000000000000000000
200201000000000000000000000000
200201020000000000000000000000
200201020c00000000000000000000
200201020000000000000000000000
200201000000000000000000000000
200201002c00000000000000000000
200201000000000000000000000000
200201000700000000000000000000
200201000000000000000000000000
200201000400000000000000000000
200201000000000000000000000000
200201000a00000000000000000000
200201000000000000000000000000
200201002c00000000000000000000
200201000000000000000000000000
200201000b00000000000000000000
200201000000000000000000000000
200201000400000000000000000000
200201000000000000000000000000
200201001500000000000000000000
200201000000000000000000000000
200201002c00000000000000000000
200201002c0d000000000000000000
200201000d00000000000000000000
200201000000000000000000000000
200201000800000000000000000000
20020100080a000000000000000000
200201000a00000000000000000000
200201000a2c000000000000000000
200201002c00000000000000000000
200201000000000000000000000000
200201001900000000000000000000
200201000000000000000000000000
200201000400000000000000000000
200201000000000000000000000000
200201000800000000000000000000
200201000815000000000000000000
200201001500000000000000000000
200201000000000000000000000000
200201000800000000000000000000
200201000000000000000000000000
200201001700000000000000000000
200201000000000000000000000000
200201002c00000000000000000000
200201000000000000000000000000
200201001300000000000000000000
200201000000000000000000000000
200201000400000000000000000000
200201000000000000000000000000
200201000400000000000000000000
200201000000000000000000000000
200201002c00000000000000000000
200201000000000000000000000000
200201000500000000000000000000
200201000000000000000000000000
200201000800000000000000000000
200201000000000000000000000000
200201001600000000000000000000
200201000000000000000000000000
200201001200000000000000000000
200201000000000000000000000000
200201000800000000000000000000
200201000000000000000000000000
200201000a00000000000000000000
200201000000000000000000000000
200201002c00000000000000000000
200201000000000000000000000000
200201000b00000000000000000000
200201000b12000000000000000000
200201001200000000000000000000
200201001216000000000000000000
200201001600000000000000000000
200201000000000000000000000000
200201002c00000000000000000000
200201000000000000000000000000
200201020000000000000000000000
200201020b00000000000000000000
200201000b00000000000000000000
200201000000000000000000000000
200201001500000000000000000000
200201000000000000000000000000
200201003700000000000000000000
200201000000000000000000000000
200201002c00000000000000000000
200201000000000000000000000000
200201020000000000000000000000
200201021000000000000000000000
200201020000000000000000000000
200201000000000000000000000000
200201001200000000000000000000
200201001215000000000000000000
200201001500000000000000000000
200201000000000000000000000000
200201001700000000000000000000
200201001708000000000000000000
200201000800000000000000000000
200201000811000000000000000000
200201001100000000000000000000
200201000000000000000000000000
200201001600000000000000000000
200201001608000000000000000000
200201000800000000000000000000
200201000000000000000000000000
200201001100000000000000000000
200201000000000000000000000000
200201002c00000000000000000000
200201000000000000000000000000
200201000900000000000000000000
200201000000000000000000000000
200201001200000000000000000000
200201001215000000000000000000
200201001500000000000000000000
200201000000000000000000000000
200201002c00000000000000000000
200201000000000000000000000000
200201000400000000000000000000
200201000000000000000000000000
200201001700000000000000000000
200201000000000000000000000000
200201002c00000000000000000000
200201002c0f000000000000000000
200201000f00000000000000000000
200201000000000000000000000000
200201000400000000000000000000
200201000000000000000000000000
200201000800000000000000000000
200201000000000000000000000000
200201001500000000000000000000
200201001508000000000000000000
200201000800000000000000000000
200201000000000000000000000000
200201002c00000000000000000000
200201000000000000000000000000
200201001000000000000000000000
200201001008000000000000000000
200201000800000000000000000000
200201000815000000000000000000
200201001500000000000000000000
200201000000000000000000000000
200201000800000000000000000000
200201000000000000000000000000
200201002c00000000000000000000
200201000000000000000000000000
200201001200000000000000000000
200201001210000000000000000000
200201001000000000000000000000
200201000000000000000000000000
200201002c00000000000000000000
200201000000000000000000000000
200201001800000000000000000000
200201001807000000000000000000
200201000700000000000000000000
200201000000000000000000000000
200201001900000000000000000000
200201000000000000000000000000
200201000c00000000000000000000
200201000000000000000000000000
200201000e00000000000000000000
200201000e0f000000000000000000
200201000f00000000000000000000
200201000f0c000000000000000000
200201000c00000000000000000000
200201000c11000000000000000000
200201001100000000000000000000
20020100110a000000000000000000
200201000a00000000000000000000
200201000000000000000000000000
200201002c00000000000000000000
200201000000000000000000000000
200201000400000000000000000000
200201000000000000000000000000
200201000700000000000000000000
200201000000000000000000000000
200201002c00000000000000000000
200201000000000000000000000000
200201002a00000000000000000000
200201000000000000000000000000
200201002a00000000000000000000
200201000000000000000000000000
200201000900000000000000000000
200201000000000000000000000000
200201002c00000000000000000000
200201000000000000000000000000
200201001500000000000000000000
200201000000000000000000000000
200201000400000000000000000000
200201000000000000000000000000
200201001100000000000000000000
200201000000000000000000000000
200201001600000000000000000000
200201000000000000000000000000
200201001200000000000000000000
200201001210000000000000000000
200201001000000000000000000000
200201000000000000000000000000
200201000400000000000000000000
200201000000000000000000000000
200201002a00000000000000000000
200201000000000000000000000000
200201001a00000000000000000000
200201000000000000000000000000
200201000400000000000000000000
200201000000000000000000000000
200201001500000000000000000000
200201000000000000000000000000
200201000800000000000000000000
200201000000000000000000000000
200201002a00000000000000000000
200201000000000000000000000000
200201002a00000000000000000000
200201000000000000000000000000
200201002a00000000000000000000
200201000000000000000000000000
200201002a00000000000000000000
200201000000000000000000000000
200201002a00000000000000000000
200201000000000000000000000000
200201002a00000000000000000000
200201000000000000000000000000
200201002a00000000000000000000
200201000000000000000000000000
200201002a00000000000000000000
200201000000000000000000000000
200201002a00000000000000000000
200201000000000000000000000000
200201002a00000000000000000000
200201000000000000000000000000
200201000500000000000000000000
200201000000000000000000000000
200201000800000000000000000000
200201000000000000000000000000
200201001700000000000000000000
200201000000000000000000000000
200201000400000000000000000000
200201000000000000000000000000
200201000f00000000000000000000
200201000f0c000000000000000000
200201000c00000000000000000000
200201000c11000000000000000000
200201001100000000000000000000
200201000000000000000000000000
200201000a00000000000000000000
200201000000000000000000000000
200201001600000000000000000000
200201000000000000000000000000
200201001300000000000000000000
20020100130f000000000000000000
200201000f00000000000000000000
200201000000000000000000000000
200201000400000000000000000000
200201000000000000000000000000
200201001700000000000000000000
200201000000000000000000000000
200201000900000000000000000000
200201000000000000000000000000
200201001200000000000000000000
200201001215000000000000000000
200201001500000000000000000000
200201000000000000000000000000
200201001000000000000000000000
200201000000000000000000000000
200201000800000000000000000000
200201000000000000000000000000
200201002a00000000000000000000
200201000000000000000000000000
200201002a00000000000000000000
200201000000000000000000000000
200201002a00000000000000000000
200201000000000000000000000000
200201002a00000000000000000000
200201000000000000000000000000
200201002a00000000000000000000
200201000000000000000000000000
200201002a00000000000000000000
200201000000000000000000000000
200201002a00000000000000000000
200201000000000000000000000000
200201002a00000000000000000000
200201000000000000000000000000
200201002a00000000000000000000
200201000000000000000000000000
200201002a00000000000000000000
200201000000000000000000000000
200201002a00000000000000000000
200201000000000000000000000000
200201002a00000000000000000000
200201000000000000000000000000
200201002a00000000000000000000
200201000000000000000000000000
200201002a00000000000000000000
200201000000000000000000000000
200201002a00000000000000000000
200201000000000000000000000000
200201002a00000000000000000000
200201000000000000000000000000
200201002a00000000000000000000
200201000000000000000000000000
200201002a00000000000000000000
200201000000000000000000000000
200201000e00000000000000000000
200201000000000000000000000000
200201001800000000000000000000
200201001811000000000000000000
200201001100000000000000000000
200201000000000000000000000000
200201000700000000000000000000
200201000000000000000000000000
200201000800000000000000000000
200201000000000000000000000000
200201001200000000000000000000
200201000000000000000000000000
200201001500000000000000000000
200201000000000000000000000000
200201000c00000000000000000000
200201000000000000000000000000
200201000800000000000000000000
200201000000000000000000000000
200201001100000000000000000000
200201000000000000000000000000
200201001700000000000000000000
200201000000000000000000000000
200201000800000000000000000000
200201000000000000000000000000
200201001500000000000000000000
200201001508000000000000000000
200201000800000000000000000000
200201000000000000000000000000
200201000700000000000000000000
200201000708000000000000000000
200201000800000000000000000000
200201000000000000000000000000
200201002c00000000000000000000
200201000000000000000000000000
200201000f00000000000000000000
200201000000000000000000000000
200201001200000000000000000000
200201000000000000000000000000
200201000800000000000000000000
200201000000000000000000000000
200201001600000000000000000000
200201000000000000000000000000
200201001100000000000000000000
20020100110c000000000000000000
200201000c00000000000000000000
200201000c11000000000000000000
200201001100000000000000000000
200201000000000000000000000000
200201000a00000000000000000000
200201000000000000000000000000
200201000800000000000000000000
200201000815000000000000000000
200201001500000000000000000000
200201000000000000000000000000
200201003700000000000000000000
200201000000000000000000000000
200201002800000000000000000000
200201000000000000000000000000
200201020000000000000000000000
200201020700000000000000000000
200201020000000000000000000000
200201000000000000000000000000
200201000800000000000000000000
200201000000000000000000000000
200201001700000000000000000000
200201000000000000000000000000
200201002c00000000000000000000
200201000000000000000000000000
200201000800000000000000000000
200201000815000000000000000000
200201001500000000000000000000
20020100152c000000000000000000
200201002c00000000000000000000
200201000000000000000000000000
200201001600000000000000000000
200201000000000000000000000000
200201001800000000000000000000
200201001813000000000000000000
200201001300000000000000000000
200201000000000000000000000000
200201000800000000000000000000
200201000815000000000000000000
200201001500000000000000000000
200201000000000000000000000000
200201002c00000000000000000000
200201000000000000000000000000
200201000e00000000000000000000
200201000000000000000000000000
200201000800000000000000000000
200201000000000000000000000000
200201000700000000000000000000
200201000708000000000000000000
200201000800000000000000000000
200201000000000000000000000000
200201000f00000000000000000000
200201000f0c000000000000000000
200201000c00000000000000000000
200201000c0a000000000000000000
200201000a00000000000000000000
200201000000000000000000000000
200201001700000000000000000000
200201000000000000000000000000
200201002a00000000000000000000
200201000000000000000000000000
200201002a00000000000000000000
200201000000000000000000000000
200201002a00000000000000000000
200201000000000000000000000000
200201002a00000000000000000000
200201000000000000000000000000
200201002a00000000000000000000
200201000000000000000000000000
200201002a00000000000000000000
200201000000000000000000000000
200201002a00000000000000000000
200201000000000000000000000000
200201002a00000000000000000000
200201000000000000000000000000
200201001600000000000000000000
200201000000000000000000000000
200201001300000000000000000000
200201000000000000000000000000
200201000400000000000000000000
200201000000000000000000000000
200201000800000000000000000000
200201000000000000000000000000
200201001100000000000000000000
200201000000000000000000000000
200201000700000000000000000000
200201000708000000000000000000
200201000800000000000000000000
200201000000000000000000000000
200201001100000000000000000000
200201001107000000000000000000
200201000700000000000000000000
200201000708000000000000000000
200201000800000000000000000000
200201000000000000000000000000
200201003600000000000000000000
200201000000000000000000000000
200201002c00000000000000000000
200201000000000000000000000000
200201001200000000000000000000
200201000000000000000000000000
200201000a00000000000000000000
200201000000000000000000000000
200201002c00000000000000000000
200201002c0d000000000000000000
200201000d00000000000000000000
200201000d08000000000000000000
200201000800000000000000000000
20020100080a000000000000000000
200201000a00000000000000000000
200201000000000000000000000000
200201002c00000000000000000000
200201000000000000000000000000
200201000f00000000000000000000
200201000000000000000000000000
200201000400000000000000000000
200201000000000000000000000000
200201000800000000000000000000
200201000000000000000000000000
200201001500000000000000000000
200201001508000000000000000000
200201000800000000000000000000
200201000815000000000000000000
200201001500000000000000000000
200201000000000000000000000000
200201002c00000000000000000000
200201000000000000000000000000
200201000800000000000000000000
200201000000000000000000000000
200201001100000000000000000000
200201000000000000000000000000
200201002c00000000000000000000
200201000000000000000000000000
200201020000000000000000000000
200201020b00000000000000000000
200201020000000000000000000000
200201020800000000000000000000
200201020000000000000000000000
200201020f00000000000000000000
200201020000000000000000000000
200201000000000000000000000000
200201002c00000000000000000000
200201002c10000000000000000000
200201001000000000000000000000
200201001004000000000000000000
200201000400000000000000000000
200201000000000000000000000000
200201001600000000000000000000
200201000000000000000000000000
200201001600000000000000000000
200201000000000000000000000000
200201000800000000000000000000
200201000000000000000000000000
200201003600000000000000000000
200201000000000000000000000000
200201002c00000000000000000000
200201002c0d000000000000000000
200201000d00000000000000000000
200201000d08000000000000000000
200201000800000000000000000000
20020100080a000000000000000000
200201000a00000000000000000000
200201000000000000000000000000
200201002c00000000000000000000
200201000000000000000000000000
200201000c00000000000000000000
200201000000000000000000000000
200201000e00000000000000000000
200201000000000000000000000000
200201000e00000000000000000000
200201000000000000000000000000
200201000800000000000000000000
200201000000000000000000000000
200201002c00000000000000000000
200201000000000000000000000000
200201001900000000000000000000
200201000000000000000000000000
200201000c00000000000000000000
200201000000000000000000000000
200201000700000000000000000000
200201000000000000000000000000
200201001600000000000000000000
200201000000000000000000000000
200201000800000000000000000000
200201000817000000000000000000
200201000800000000000000000000
200201000000000000000000000000
200201002a00000000000000000000
200201000000000000000000000000
200201002a00000000000000000000
200201000000000000000000000000
200201001700000000000000000000
200201001708000000000000000000
200201000800000000000000000000
200201000000000000000000000000
200201002c00000000000000000000
200201000000000000000000000000
200201000900000000000000000000
200201000912000000000000000000
200201001200000000000000000000
200201000000000000000000000000
200201000800000000000000000000
200201000815000000000000000000
200201001500000000000000000000
200201000000000000000000000000
200201020000000000000000000000
200201021e00000000000000000000
200201020000000000000000000000
200201000000000000000000000000
200201002800000000000000000000
200201000000000000000000000000
200201002800000000000000000000
200201000000000000000000000000
200201020000000000000000000000
200201020c00000000000000000000
200201020000000000000000000000
200201000000000000000000000000
200201002c00000000000000000000
200201000000000000000000000000
200201001000000000000000000000
200201001012000000000000000000
200201001200000000000000000000
200201001215000000000000000000
200201001500000000000000000000
200201000000000000000000000000
200201000a00000000000000000000
200201000a08000000000000000000
200201000800000000000000000000
200201000000000000000000000000
200201001100000000000000000000
200201000000000000000000000000
200201002c00000000000000000000
200201000000000000000000000000
200201001600000000000000000000
200201000000000000000000000000
200201000e00000000000000000000
200201000000000000000000000000
200201000400000000000000000000
20020100040f000000000000000000
200201000f00000000000000000000
200201000000000000000000000000
200201002c00000000000000000000
200201002c0d000000000000000000
200201000d00000000000000000000
200201000d08000000000000000000
200201000800000000000000000000
20020100080a000000000000000000
200201000a00000000000000000000
200201000a2c000000000000000000
200201002c00000000000000000000
200201000000000000000000000000
200201001300000000000000000000
200201000000000000000000000000
200201000400000000000000000000
200201000000000000000000000000
200201000400000000000000000000
200201000000000000000000000000
200201002c00000000000000000000
200201000000000000000000000000
200201000500000000000000000000
200201000508000000000000000000
200201000800000000000000000000
200201000000000000000000000000
200201001600000000000000000000
200201000000000000000000000000
200201001200000000000000000000
200201000000000000000000000000
200201000800000000000000000000
20020100080a000000000000000000
200201000a00000000000000000000
200201000000000000000000000000
200201002c00000000000000000000
200201000000000000000000000000
200201000b00000000000000000000
200201000b12000000000000000000
200201001200000000000000000000
200201001216000000000000000000
200201001600000000000000000000
200201000000000000000000000000
200201002c00000000000000000000
200201000000000000000000000000
200201020000000000000000000000
200201021100000000000000000000
200201001100000000000000000000
200201000000000000000000000000
200201000c00000000000000000000
200201000000000000000000000000
200201001600000000000000000000
200201000000000000000000000000
200201001600000000000000000000
200201000000000000000000000000
200201000800000000000000000000
200201000000000000000000000000
200201000900000000000000000000
200201000000000000000000000000
200201000400000000000000000000
200201000415000000000000000000
200201001500000000000000000000
200201000000000000000000000000
200201003600000000000000000000
200201000000000000000000000000
200201002c00000000000000000000
200201000000000000000000000000
200201001600000000000000000000
200201000000000000000000000000
200201000400000000000000000000
200201000000000000000000000000
200201000400000000000000000000
200201000000000000000000000000
200201002c00000000000000000000
200201000000000000000000000000
200201000700000000000000000000
200201000708000000000000000000
200201000800000000000000000000
200201000000000000000000000000
200201002c00000000000000000000
200201000000000000000000000000
200201000e00000000000000000000
200201000000000000000000000000
200201000400000000000000000000
200201000000000000000000000000
200201001100000000000000000000
200201000000000000000000000000
200201002c00000000000000000000
200201000000000000000000000000
200201001700000000000000000000
200201001708000000000000000000
200201000800000000000000000000
200201000000000000000000000000
200201001600000000000000000000
200201000000000000000000000000
200201001700000000000000000000
200201001708000000000000000000
200201000800000000000000000000
200201000000000000000000000000
200201002c00000000000000000000
200201000000000000000000000000
200201001200000000000000000000
200201001210000000000000000000
200201001000000000000000000000
200201000000000000000000000000
200201002c00000000000000000000
200201000000000000000000000000
200201000d00000000000000000000
200201000000000000000000000000
200201000800000000000000000000
200201000000000000000000000000
200201000a00000000000000000000
200201000000000000000000000000
200201002c00000000000000000000
200201000000000000000000000000
200201000400000000000000000000
200201000000000000000000000000
200201000f00000000000000000000
200201000000000000000000000000
200201000f00000000000000000000
200201000f08000000000000000000
200201000800000000000000000000
200201000815000000000000000000
200201001500000000000000000000
200201001508000000000000000000
200201000800000000000000000000
200201000000000000000000000000
200201000700000000000000000000
200201000708000000000000000000
200201000800000000000000000000
200201000000000000000000000000
200201002c00000000000000000000
200201000000000000000000000000
200201001100000000000000000000
200201001118000000000000000000
200201001800000000000000000000
200201000000000000000000000000
200201002c00000000000000000000
200201002c08000000000000000000
200201000800000000000000000000
200201000815000000000000000000
200201001500000000000000000000
200201000000000000000000000000
200201002c00000000000000000000
200201000000000000000000000000
200201000e00000000000000000000
200201000e0f000000000000000000
200201000f00000000000000000000
200201000f04000000000000000000
200201000400000000000000000000
200201000000000000000000000000
200201001500000000000000000000
200201000000000000000000000000
200201002c00000000000000000000
200201000000000000000000000000
200201001700000000000000000000
20020100170c000000000000000000
200201000c00000000000000000000
200201000c0f000000000000000000
200201000f00000000000000000000
200201000000000000000000000000
200201002c00000000000000000000
200201002c04000000000000000000
200201000400000000000000000000
200201000000000000000000000000
200201001700000000000000000000
200201000000000000000000000000
200201002c00000000000000000000
200201002c0e000000000000000000
200201000e00000000000000000000
200201000000000000000000000000
200201001200000000000000000000
200201001210000000000000000000
200201001000000000000000000000
200201000000000000000000000000
200201001000000000000000000000
200201001008000000000000000000
200201000800000000000000000000
200201000000000000000000000000
200201002c00000000000000000000
200201000000000000000000000000
200201001300000000000000000000
200201000000000000000000000000
200201000400000000000000000000
200201000000000000000000000000
200201000400000000000000000000
200201000000000000000000000000
200201002c00000000000000000000
200201000000000000000000000000
200201001800000000000000000000
200201000000000000000000000000
200201000700000000000000000000
200201000000000000000000000000
200201001900000000000000000000
200201000000000000000000000000
200201000c00000000000000000000
200201000000000000000000000000
200201000e00000000000000000000
200201000e0f000000000000000000
200201000f00000000000000000000
200201000f08000000000000000000
200201000800000000000000000000
200201000815000000000000000000
200201001500000000000000000000
200201000000000000000000000000
200201000b00000000000000000000
200201000b12000000000000000000
200201001200000000000000000000
200201000000000000000000000000
200201000f00000000000000000000
200201000f07000000000000000000
200201000700000000000000000000
200201000708000000000000000000
200201000800000000000000000000
200201000000000000000000000000
200201001700000000000000000000
200201000000000000000000000000
200201020000000000000000000000
200201021e00000000000000000000
200201020000000000000000000000
200201000000000000000000000000
200201002800000000000000000000
200201000000000000000000000000
200201020000000000000000000000
200201020700000000000000000000
200201020000000000000000000000
200201000000000000000000000000
200201000800000000000000000000
200201000817000000000000000000
200201001700000000000000000000
200201000000000000000000000000
200201002c00000000000000000000
200201000000000000000000000000
200201001900000000000000000000
200201000000000000000000000000
200201000c00000000000000000000
200201000000000000000000000000
200201000f00000000000000000000
200201000000000000000000000000
200201000f00000000000000000000
200201000000000000000000000000
200201000800000000000000000000
200201000000000000000000000000
200201002c00000000000000000000
200201000000000000000000000000
200201001900000000000000000000
200201000000000000000000000000
200201000400000000000000000000
200201000000000000000000000000
200201000800000000000000000000
200201000000000000000000000000
200201001500000000000000000000
200201001508000000000000000000
200201000800000000000000000000
200201000000000000000000000000
200201002c00000000000000000000
200201000000000000000000000000
200201001500000000000000000000
200201001508000000000000000000
200201000800000000000000000000
200201000000000000000000000000
200201001700000000000000000000
200201000000000000000000000000
200201002c00000000000000000000
200201000000000000000000000000
200201000600000000000000000000
200201000000000000000000000000
200201001200000000000000000000
200201000000000000000000000000
200201001200000000000000000000
200201000000000000000000000000
200201000f00000000000000000000
200201000000000000000000000000
200201002c00000000000000000000
200201000000000000000000000000
200201000400000000000000000000
200201000000000000000000000000
200201001700000000000000000000
200201000000000000000000000000
200201002c00000000000000000000
200201000000000000000000000000
200201001900000000000000000000
200201000000000000000000000000
200201000400000000000000000000
200201000000000000000000000000
200201000800000000000000000000
200201000000000000000000000000
200201001500000000000000000000
200201001508000000000000000000
200201000800000000000000000000
200201000000000000000000000000
200201002c00000000000000000000
200201000000000000000000000000
200201001000000000000000000000
200201000000000000000000000000
200201000800000000000000000000
200201000807000000000000000000
200201000700000000000000000000
200201000000000000000000000000
200201001800000000000000000000
200201000000000000000000000000
200201000700000000000000000000
200201000000000000000000000000
200201001900000000000000000000
200201000000000000000000000000
200201000c00000000000000000000
200201000000000000000000000000
200201000e00000000000000000000
200201000e0f000000000000000000
200201000f00000000000000000000
200201000f08000000000000000000
200201000800000000000000000000
200201000815000000000000000000
200201001500000000000000000000
200201000000000000000000000000
200201002c00000000000000000000
200201000000000000000000000000
200201001300000000000000000000
200201000000000000000000000000
200201000400000000000000000000
200201000000000000000000000000
200201000400000000000000000000
200201000000000000000000000000
200201002c00000000000000000000
200201000000000000000000000000
200201000800000000000000000000
200201000000000000000000000000
200201001700000000000000000000
200201000000000000000000000000
200201002c00000000000000000000
200201000000000000000000000000
200201001600000000000000000000
200201000000000000000000000000
200201000400000000000000000000
200201000000000000000000000000
200201000400000000000000000000
200201000000000000000000000000
200201002c00000000000000000000
200201000000000000000000000000
200201000c00000000000000000000
200201000c11000000000000000000
200201001100000000000000000000
200201000000000000000000000000
200201000700000000000000000000
200201000000000000000000000000
200201000500000000000000000000
200201000000000000000000000000
200201001500000000000000000000
200201000000000000000000000000
200201000c00000000000000000000
200201000c11000000000000000000
200201001100000000000000000000
20020100110a000000000000000000
200201000a00000000000000000000
200201000000000000000000000000
200201000800000000000000000000
200201000000000000000000000000
200201001100000000000000000000
200201001107000000000000000000
200201000700000000000000000000
200201000708000000000000000000
200201000800000000000000000000
200201000000000000000000000000
200201002c00000000000000000000
200201000000000000000000000000
200201001300000000000000000000
200201000000000000000000000000
200201001500000000000000000000
200201001512000000000000000000
200201001200000000000000000000
200201000000000000000000000000
200201000700000000000000000000
200201000000000000000000000000
200201001800000000000000000000
20020100180f000000000000000000
200201000f00000000000000000000
200201000000000000000000000000
200201002a00000000000000000000
200201000000000000000000000000
200201000e00000000000000000000
200201000000000000000000000000
200201001700000000000000000000
200201000000000000000000000000
200201020000000000000000000000
200201021e00000000000000000000
200201020000000000000000000000
200201000000000000000000000000
200201002800000000000000000000
200201000000000000000000000000
200201020000000000000000000000
200201021000000000000000000000
200201020000000000000000000000
200201000000000000000000000000
200201000400000000000000000000
200201000000000000000000000000
200201000400000000000000000000
200201000000000000000000000000
200201001600000000000000000000
200201000000000000000000000000
200201000e00000000000000000000
200201000000000000000000000000
200201000800000000000000000000
200201000000000000000000000000
200201002c00000000000000000000
200201000000000000000000000000
200201000d00000000000000000000
200201000d08000000000000000000
200201000800000000000000000000
200201000000000000000000000000
200201000a00000000000000000000
200201000000000000000000000000
200201002c00000000000000000000
200201000000000000000000000000
200201000800000000000000000000
200201000000000000000000000000
200201001100000000000000000000
200201001107000000000000000000
200201000700000000000000000000
200201000000000000000000000000
200201000700000000000000000000
200201000000000000000000000000
200201000400000000000000000000
200201000000000000000000000000
200201002c00000000000000000000
200201000000000000000000000000
200201000e00000000000000000000
200201000e04000000000000000000
200201000400000000000000000000
200201000000000000000000000000
200201001100000000000000000000
200201000000000000000000000000
200201002c00000000000000000000
200201000000000000000000000000
200201000a00000000000000000000
200201000000000000000000000000
200201000400000000000000000000
200201000000000000000000000000
200201000400000000000000000000
200201000000000000000000000000
200201002c00000000000000000000
200201000000000000000000000000
200201001600000000000000000000
200201000000000000000000000000
200201000800000000000000000000
200201000000000000000000000000
200201000f00000000000000000000
200201000000000000000000000000
200201001900000000000000000000
200201000000000000000000000000
200201001600000000000000000000
200201000000000000000000000000
200201001700000000000000000000
200201000000000000000000000000
200201000400000000000000000000
200201000000000000000000000000
200201000800000000000000000000
200201000000000000000000000000
200201001100000000000000000000
200201000000000000000000000000
200201000700000000000000000000
200201000000000000000000000000
200201000c00000000000000000000
200201000000000000000000000000
200201000a00000000000000000000
200201000000000000000000000000
200201002c00000000000000000000
200201000000000000000000000000
200201001200000000000000000000
200201000000000000000000000000
200201000a00000000000000000000
200201000000000000000000000000
200201002c00000000000000000000
200201000000000000000000000000
200201001500000000000000000000
200201000000000000000000000000
200201002a00000000000000000000
200201000000000000000000000000
200201001700000000000000000000
200201000000000000000000000000
200201000d00000000000000000000
200201000000000000000000000000
200201000800000000000000000000
200201000811000000000000000000
200201001100000000000000000000
200201000000000000000000000000
200201000800000000000000000000
200201000000000000000000000000
200201002c00000000000000000000
200201000000000000000000000000
200201000800000000000000000000
200201000811000000000000000000
200201001100000000000000000000
200201000000000000000000000000
200201002c00000000000000000000
200201002c10000000000000000000
200201001000000000000000000000
200201001004000000000000000000
200201000400000000000000000000
200201000416000000000000000000
200201001600000000000000000000
200201000000000000000000000000
200201001600000000000000000000
200201000000000000000000000000
200201000800000000000000000000
200201000000000000000000000000
200201002c00000000000000000000
200201000000000000000000000000
200201001300000000000000000000
200201000000000000000000000000
200201000800000000000000000000
200201000000000000000000000000
200201001100000000000000000000
20020100110a000000000000000000
200201000a00000000000000000000
200201000a08000000000000000000
200201000800000000000000000000
200201000000000000000000000000
200201002c00000000000000000000
200201000000000000000000000000
200201001800000000000000000000
200201000000000000000000000000
200201000700000000000000000000
200201000708000000000000000000
200201000800000000000000000000
200201000000000000000000000000
200201001200000000000000000000
200201001210000000000000000000
200201001000000000000000000000
200201000000000000000000000000
200201002a00000000000000000000
200201000000000000000000000000
200201002a00000000000000000000
200201000000000000000000000000
200201001100000000000000000000
200201000000000000000000000000
200201001200000000000000000000
200201001210000000000000000000
200201001000000000000000000000
200201000000000000000000000000
200201002c00000000000000000000
200201000000000000000000000000
200201000700000000000000000000
200201000000000000000000000000
200201000c00000000000000000000
200201000c11000000000000000000
200201001100000000000000000000
20020100110a000000000000000000
200201000a00000000000000000000
200201000000000000000000000000
200201002c00000000000000000000
200201000000000000000000000000
200201002a00000000000000000000
200201000000000000000000000000
200201002a00000000000000000000
200201000000000000000000000000
200201002a00000000000000000000
200201000000000000000000000000
200201002a00000000000000000000
200201000000000000000000000000
200201000800000000000000000000
200201000000000000000000000000
200201001100000000000000000000
200201000000000000000000000000
200201002c00000000000000000000
200201000000000000000000000000
200201001100000000000000000000
200201000000000000000000000000
200201000400000000000000000000
200201000000000000000000000000
200201000800000000000000000000
200201000815000000000000000000
200201001500000000000000000000
200201000000000000000000000000
200201001500000000000000000000
200201000000000000000000000000
200201000c00000000000000000000
200201000c0a000000000000000000
200201000a00000000000000000000
200201000000000000000000000000
200201000800000000000000000000
200201000000000000000000000000
200201002c00000000000000000000
200201000000000000000000000000
200201001100000000000000000000
20020100110c000000000000000000
200201000c00000000000000000000
200201000c16000000000000000000
200201001600000000000000000000
200201000000000000000000000000
200201001600000000000000000000
200201000000000000000000000000
200201000800000000000000000000
200201000000000000000000000000
200201000900000000000000000000
200201000000000000000000000000
200201000400000000000000000000
200201000000000000000000000000
200201001500000000000000000000
200201000000000000000000000000
200201020000000000000000000000
200201021e00000000000000000000
200201020000000000000000000000
200201000000000000000000000000
200201002a00000000000000000000
200201000000000000000000000000
200201002a00000000000000000000
200201000000000000000000000000
200201002a00000000000000000000
200201000000000000000000000000
200201002a00000000000000000000
200201000000000000000000000000
200201002a00000000000000000000
200201000000000000000000000000
200201002a00000000000000000000
200201000000000000000000000000
200201002a00000000000000000000
200201000000000000000000000000
200201002a00000000000000000000
200201000000000000000000000000
200201002a00000000000000000000
200201000000000000000000000000
200201002a00000000000000000000
200201000000000000000000000000
200201002a00000000000000000000
200201000000000000000000000000
200201002a00000000000000000000
200201000000000000000000000000
200201002a00000000000000000000
200201000000000000000000000000
200201002a00000000000000000000
200201000000000000000000000000
200201002a00000000000000000000
200201000000000000000000000000
200201002a00000000000000000000
200201000000000000000000000000
200201002a00000000000000000000
200201000000000000000000000000
200201002a00000000000000000000
200201000000000000000000000000
200201002a00000000000000000000
200201000000000000000000000000
200201002a00000000000000000000
200201000000000000000000000000
200201002a00000000000000000000
200201000000000000000000000000
200201002a00000000000000000000
200201000000000000000000000000
200201002a00000000000000000000
200201000000000000000000000000
200201002a00000000000000000000
200201000000000000000000000000
200201002a00000000000000000000
200201000000000000000000000000
200201002a00000000000000000000
200201000000000000000000000000
200201002a00000000000000000000
200201000000000000000000000000
200201002a00000000000000000000
200201000000000000000000000000
200201002a00000000000000000000
200201000000000000000000000000
200201002a00000000000000000000
200201000000000000000000000000
200201002a00000000000000000000
200201000000000000000000000000
200201002a00000000000000000000
200201000000000000000000000000
200201002a00000000000000000000
200201000000000000000000000000
200201002a00000000000000000000
200201000000000000000000000000
200201002a00000000000000000000
200201000000000000000000000000
200201002a00000000000000000000
200201000000000000000000000000
200201002a00000000000000000000
200201000000000000000000000000
200201002a00000000000000000000
200201000000000000000000000000
200201002a00000000000000000000
200201000000000000000000000000
200201002a00000000000000000000
200201000000000000000000000000
200201002a00000000000000000000
200201000000000000000000000000
200201002a00000000000000000000
200201000000000000000000000000
200201002a00000000000000000000
200201000000000000000000000000
200201002a00000000000000000000
200201000000000000000000000000
200201002a00000000000000000000
200201000000000000000000000000
200201002a00000000000000000000
200201000000000000000000000000
200201002a00000000000000000000
200201000000000000000000000000
200201002a00000000000000000000
200201000000000000000000000000
200201002a00000000000000000000
200201000000000000000000000000
200201002a00000000000000000000
200201000000000000000000000000
200201002a00000000000000000000
200201000000000000000000000000
200201002a00000000000000000000
200201000000000000000000000000
200201002a00000000000000000000
200201000000000000000000000000
200201002a00000000000000000000
200201000000000000000000000000
200201002a00000000000000000000
200201000000000000000000000000
200201002a00000000000000000000
200201000000000000000000000000
200201002a00000000000000000000
200201000000000000000000000000
200201002a00000000000000000000
200201000000000000000000000000
200201002a00000000000000000000
200201000000000000000000000000
200201002a00000000000000000000
200201000000000000000000000000
200201002a00000000000000000000
200201000000000000000000000000
200201002a00000000000000000000
200201000000000000000000000000
200201002a00000000000000000000
200201000000000000000000000000
200201002a00000000000000000000
200201000000000000000000000000
200201002a00000000000000000000
200201000000000000000000000000
200201002a00000000000000000000
200201000000000000000000000000
200201002a00000000000000000000
200201000000000000000000000000
200201002a00000000000000000000
200201000000000000000000000000
200201002a00000000000000000000
200201000000000000000000000000
200201002a00000000000000000000
200201000000000000000000000000
200201002a00000000000000000000
200201000000000000000000000000
200201002a00000000000000000000
200201000000000000000000000000
200201002a00000000000000000000
200201000000000000000000000000
200201002a00000000000000000000
200201000000000000000000000000
200201002a00000000000000000000
200201000000000000000000000000
200201002a00000000000000000000
200201000000000000000000000000
200201002a00000000000000000000
200201000000000000000000000000
200201002a00000000000000000000
200201000000000000000000000000
200201002a00000000000000000000
200201000000000000000000000000
200201002a00000000000000000000
200201000000000000000000000000
200201002a00000000000000000000
200201000000000000000000000000
200201002a00000000000000000000
200201000000000000000000000000
200201002a00000000000000000000
200201000000000000000000000000
200201002a00000000000000000000
200201000000000000000000000000
200201002a00000000000000000000
200201000000000000000000000000
200201002a00000000000000000000
200201000000000000000000000000
200201002a00000000000000000000
200201000000000000000000000000
200201002a00000000000000000000
200201000000000000000000000000
200201002a00000000000000000000
200201000000000000000000000000
200201002a00000000000000000000
200201000000000000000000000000
200201002a00000000000000000000
200201000000000000000000000000
200201020000000000000000000000
200201020d00000000000000000000
200201000d00000000000000000000
200201000000000000000000000000
200201000800000000000000000000
20020100080a000000000000000000
200201000a00000000000000000000
200201000000000000000000000000
200201002c00000000000000000000
200201000000000000000000000000
200201001000000000000000000000
200201000000000000000000000000
200201000800000000000000000000
200201000000000000000000000000
200201001100000000000000000000
200201000000000000000000000000
200201000800000000000000000000
200201000815000000000000000000
200201001500000000000000000000
200201000000000000000000000000
200201003700000000000000000000
200201000000000000000000000000
200201003700000000000000000000
200201000000000000000000000000
200201003700000000000000000000
200201000000000000000000000000
200201002a00000000000000000000
200201000000000000000000000000
200201002a00000000000000000000
200201000000000000000000000000
200201002a00000000000000000000
200201000000000000000000000000
200201002a00000000000000000000
200201000000000000000000000000
200201002a00000000000000000000
200201000000000000000000000000
200201002a00000000000000000000
200201000000000000000000000000
200201002a00000000000000000000
200201000000000000000000000000
200201002a00000000000000000000
200201000000000000000000000000
200201002a00000000000000000000
200201000000000000000000000000
200201002a00000000000000000000
200201000000000000000000000000
200201002a00000000000000000000
200201000000000000000000000000
200201002a00000000000000000000
200201000000000000000000000000
200201002800000000000000000000
200201000000000000000000000000
200201020000000000000000000000
200201020d00000000000000000000
200201000d00000000000000000000
200201000000000000000000000000
200201000800000000000000000000
20020100080a000000000000000000
200201000a00000000000000000000
200201000000000000000000000000
200201002c00000000000000000000
200201000000000000000000000000
200201000b00000000000000000000
200201000b04000000000000000000
200201000400000000000000000000
200201000000000000000000000000
200201000400000000000000000000
200201000000000000000000000000
200201000500000000000000000000
200201000000000000000000000000
200201000800000000000000000000
200201000815000000000000000000
200201001500000000000000000000
200201000000000000000000000000
200201002c00000000000000000000
200201000000000000000000000000
200201000700000000000000000000
200201000708000000000000000000
200201000800000000000000000000
200201000817000000000000000000
200201001700000000000000000000
200201000000000000000000000000
200201002c00000000000000000000
200201002c0e000000000000000000
200201000e00000000000000000000
200201000000000000000000000000
200201001200000000000000000000
200201001210000000000000000000
200201001000000000000000000000
200201000000000000000000000000
200201001000000000000000000000
200201001008000000000000000000
200201000800000000000000000000
200201000815000000000000000000
200201001500000000000000000000
200201000000000000000000000000
200201002c00000000000000000000
200201000000000000000000000000
200201001700000000000000000000
200201000000000000000000000000
200201000c00000000000000000000
200201000c0f000000000000000000
200201000f00000000000000000000
200201000000000000000000000000
200201002c00000000000000000000
200201000000000000000000000000
200201000400000000000000000000
200201000000000000000000000000
200201001700000000000000000000
200201000000000000000000000000
200201002c00000000000000000000
200201000000000000000000000000
200201000a00000000000000000000
200201000a04000000000000000000
200201000400000000000000000000
200201000000000000000000000000
200201000400000000000000000000
200201000000000000000000000000
200201002c00000000000000000000
200201000000000000000000000000
200201001500000000000000000000
200201000000000000000000000000
200201000c00000000000000000000
200201000000000000000000000000
200201000a00000000000000000000
200201000000000000000000000000
200201001700000000000000000000
200201000000000000000000000000
200201000c00000000000000000000
200201000000000000000000000000
200201000a00000000000000000000
200201000000000000000000000000
200201002c00000000000000000000
200201000000000000000000000000
200201000a00000000000000000000
200201000000000000000000000000
200201001200000000000000000000
200201001207000000000000000000
200201000700000000000000000000
200201000000000000000000000000
200201001700000000000000000000
200201000000000000000000000000
200201002c00000000000000000000
200201000000000000000000000000
200201000400000000000000000000
200201000000000000000000000000
200201000f00000000000000000000
200201000000000000000000000000
200201000800000000000000000000
200201000000000000000000000000
200201002a00000000000000000000
200201000000000000000000000000
200201001700000000000000000000
200201000000000000000000000000
200201002c00000000000000000000
200201000000000000000000000000
200201001600000000000000000000
200201001604000000000000000000
200201000400000000000000000000
200201000410000000000000000000
200201001000000000000000000000
200201000000000000000000000000
200201001000000000000000000000
200201000000000000000000000000
200201000800000000000000000000
200201000000000000000000000000
200201001100000000000000000000
200201000000000000000000000000
200201020000000000000000000000
200201021e00000000000000000000
200201020000000000000000000000
200201000000000000000000000000
200201002800000000000000000000
200201000000000000000000000000
200201002800000000000000000000
200201000000000000000000000000
200201020000000000000000000000
200201021100000000000000000000
200201020000000000000000000000
200201020600000000000000000000
200201020000000000000000000000
200201000000000000000000000000
200201002000000000000000000000
200201000000000000000000000000
200201020000000000000000000000
200201022f00000000000000000000
200201020000000000000000000000
200201000000000000000000000000
200201000400000000000000000000
200201000000000000000000000000
200201000f00000000000000000000
200201000000000000000000000000
200201001700000000000000000000
200201000000000000000000000000
200201002a00000000000000000000
200201000000000000000000000000
200201002a00000000000000000000
200201000000000000000000000000
200201002a00000000000000000000
200201000000000000000000000000
200201002100000000000000000000
200201000000000000000000000000
200201000f00000000000000000000
200201000000000000000000000000
200201001700000000000000000000
200201000000000000000000000000
200201020000000000000000000000
200201022d00000000000000000000
200201020000000000000000000000
200201000000000000000000000000
200201000e00000000000000000000
200201000000000000000000000000
200201002a00000000000000000000
200201000000000000000000000000
200201002a00000000000000000000
200201000000000000000000000000
200201002a00000000000000000000
200201000000000000000000000000
200201002a00000000000000000000
200201000000000000000000000000
200201002a00000000000000000000
200201000000000000000000000000
200201001300000000000000000000
200201000000000000000000000000
200201000400000000000000000000
200201000000000000000000000000
200201001600000000000000000000
200201000000000000000000000000
200201002a00000000000000000000
200201000000000000000000000000
200201002a00000000000000000000
200201000000000000000000000000
200201002100000000000000000000
200201000000000000000000000000
200201001600000000000000000000
200201000000000000000000000000
200201020000000000000000000000
200201022d00000000000000000000
200201020000000000000000000000
200201000000000000000000000000
200201001300000000000000000000
200201000000000000000000000000
200201000400000000000000000000
200201000000000000000000000000
200201000400000000000000000000
200201000000000000000000000000
200201020000000000000000000000
200201022d00000000000000000000
200201020000000000000000000000
200201000000000000000000000000
200201000b00000000000000000000
200201000000000000000000000000
200201001900000000000000000000
200201000000000000000000000000
200201002100000000000000000000
200201000000000000000000000000
200201000700000000000000000000
200201000000000000000000000000
200201020000000000000000000000
200201022d00000000000000000000
200201002d00000000000000000000
200201000000000000000000000000
200201000700000000000000000000
200201000000000000000000000000
200201001800000000000000000000
200201000000000000000000000000
200201020000000000000000000000
200201022d00000000000000000000
200201020000000000000000000000
200201000000000000000000000000
200201001600000000000000000000
200201000000000000000000000000
200201000e00000000000000000000
200201000000000000000000000000
200201001500000000000000000000
200201000000000000000000000000
200201000c00000000000000000000
200201000000000000000000000000
200201001900000000000000000000
200201000000000000000000000000
200201000800000000000000000000
200201000815000000000000000000
200201001500000000000000000000
200201000000000000000000000000
200201002a00000000000000000000
200201000000000000000000000000
200201002a00000000000000000000
200201000000000000000000000000
200201002a00000000000000000000
200201000000000000000000000000
200201002a00000000000000000000
200201000000000000000000000000
200201002a00000000000000000000
200201000000000000000000000000
200201002a00000000000000000000
200201000000000000000000000000
200201002a00000000000000000000
200201000000000000000000000000
200201002200000000000000000000
200201000000000000000000000000
200201000e00000000000000000000
200201000000000000000000000000
200201001500000000000000000000
200201000000000000000000000000
200201001e00000000000000000000
200201000000000000000000000000
200201001900000000000000000000
200201000000000000000000000000
200201002000000000000000000000
200201000000000000000000000000
200201001500000000000000000000
200201000000000000000000000000
200201020000000000000000000000
200201022d00000000000000000000
200201020000000000000000000000
200201000000000000000000000000
200201001100000000000000000000
200201000000000000000000000000
200201001e00000000000000000000
200201000000000000000000000000
200201001600000000000000000000
200201000000000000000000000000
200201001600000000000000000000
200201000000000000000000000000
200201002000000000000000000000
200201000000000000000000000000
200201000700000000000000000000
200201000000000000000000000000
200201002000000000000000000000
200201000000000000000000000000
200201001900000000000000000000
200201000000000000000000000000
200201020000000000000000000000
200201000000000000000000000000
200201020000000000000000000000
200201022d00000000000000000000
200201020000000000000000000000
200201000000000000000000000000
200201001000000000000000000000
200201000000000000000000000000
200201000400000000000000000000
200201000000000000000000000000
200201000400000000000000000000
200201000000000000000000000000
200201001600000000000000000000
200201000000000000000000000000
200201000e00000000000000000000
200201000000000000000000000000
200201000800000000000000000000
200201000000000000000000000000
200201020000000000000000000000
200201022d00000000000000000000
200201020000000000000000000000
200201000000000000000000000000
200201001100000000000000000000
200201000000000000000000000000
200201001200000000000000000000
200201000000000000000000000000
200201000a00000000000000000000
200201000a08000000000000000000
200201000800000000000000000000
200201000811000000000000000000
200201001100000000000000000000
200201000000000000000000000000
200201002a00000000000000000000
200201000000000000000000000000
200201002a00000000000000000000
200201000000000000000000000000
200201002a00000000000000000000
200201000000000000000000000000
200201002a00000000000000000000
200201000000000000000000000000
200201002700000000000000000000
200201000000000000000000000000
200201000a00000000000000000000
200201000000000000000000000000
200201000800000000000000000000
200201000000000000000000000000
200201002a00000000000000000000
200201000000000000000000000000
200201002000000000000000000000
200201000000000000000000000000
200201001100000000000000000000
200201000000000000000000000000
200201020000000000000000000000
200201022d00000000000000000000
200201020000000000000000000000
200201000000000000000000000000
200201000900000000000000000000
200201000000000000000000000000
200201001200000000000000000000
200201000000000000000000000000
200201000800000000000000000000
200201000000000000000000000000
200201000f00000000000000000000
200201000000000000000000000000
200201000a00000000000000000000
200201000000000000000000000000
200201000800000000000000000000
200201000815000000000000000000
200201001500000000000000000000
200201000000000000000000000000
200201020000000000000000000000
200201022d00000000000000000000
200201020000000000000000000000
200201000000000000000000000000
200201001000000000000000000000
200201000000000000000000000000
200201000800000000000000000000
200201000807000000000000000000
200201000700000000000000000000
200201000000000000000000000000
200201002a00000000000000000000
200201000000000000000000000000
200201002a00000000000000000000
200201000000000000000000000000
200201002000000000000000000000
200201000000000000000000000000
200201000700000000000000000000
200201000000000000000000000000
200201020000000000000000000000
200201021e00000000000000000000
200201020000000000000000000000
200201000000000000000000000000
200201020000000000000000000000
200201023000000000000000000000
200201020000000000000000000000
200201000000000000000000000000
200201002800000000000000000000
200201000000000000000000000000
200201002800000000000000000000
200201000000000000000000000000
200201020000000000000000000000
200201021b00000000000000000000
200201020000000000000000000000
200201021200000000000000000000
200201020000000000000000000000
200201021b00000000000000000000
200201020000000000000000000000
200201021200000000000000000000
200201020000000000000000000000
200201000000000000000000000000
200201002c00000000000000000000
200201000000000000000000000000
200201001100000000000000000000
200201000000000000000000000000
200201000c00000000000000000000
200201000000000000000000000000
200201001600000000000000000000
200201000000000000000000000000
200201001600000000000000000000
200201000000000000000000000000
200201000800000000000000000000
200201000000000000000000000000
200201000700000000000000000000
200201000000000000000000000000
200201000800000000000000000000
200201000000000000000000000000
200201001900000000000000000000
200201000000000000000000000000
200201002800000000000000000000
200201000000000000000000000000
